
10272
8651
8678
740
196
7027
3398
55743
8837
1027
1604
3791
7040
4602
83417
3559
3558
406925
3133
81608
2938
57379
572
3936
53335
1236
92737
944
246
6778
7132
80790
84433
1571
83416
84868
1830
10563
541466
10855
6418
3563
3400
4050
4790
3956
2068
83881
3566
1663
5133
2099
4791
2737
4863
331
59067
5820
596
639
1436
4277
3394
10643
2950
6688
7508
8438
10673
1029
5395
3146
3091
2208
355
50943
606
2952
6364
2033
56484
22872
2100
595
2308
3458
3902
3803
5000
3586
4049
3135
6382
19651
9212
8915
3308
3596
4436
4179
3952
2885
7080
57817
4255
19645
4683
970
3716
5925
605
56616
3702
286676
2526
22882
943
843
2833
4068
2052
3122
64084
4524
406973
100271849
5934
1268
5770
3297
117157
4261
7128
4792
3014
3627
921
6789
79718
79848
1977
2534
23495
9
3123
7486
5743
3726
10381
4267
3106
5347
8744
5168
1965
7528
924
6249
100132285
28985
27436
5788
5156
3604
4914
54658
5452
207
1493
4065
6774
5551
200942
9020
973
1066
5778
6356
604
3939
6929
5579
3600
2828279
7187
29126
2263
11200
356
7124
3717
3663
10
5293
1585
5450
9332
3480
3020
1879
5598
968
3119
54106
18128
7490
6777
1435
5013
3565
60468
10332
27374
6664
3662
6513
3383
7454
9314
7077
974
283
643
7421
10419
8626
9021
27004
7298
2531
6361
472
8085
51752
30009
7514
3725
7082
9936
58985
3110
8294
3958
1540
54916
406947
958
6955
19296
25788
3587
3581
53342
4830
5728
23705
3219
831
5971
7422
2146
1019
3620
648
79444
673
966
4869
3588
7157
567
931
960
2321
4067
1031
405
6624
836
10892
6850
3670
3569
176
4919
57591
399
6901
1901
4026
581
3783750
80777
1026
1499
890
1387
7133
20963
3337
55824
2625
672
939
6885
23451
238
2247
5294
3567
891
4851
3690
3932
5966
5079
2309
51341
3002
4318
7916
2212
332
4283
6515
4292
1536
602
1869
5243
3578
7515
3606
3105
10018
23532
