
105253793
540197
102838178
100477428
16160
6469
101914789
101171368
106023564
100989573
4087
947
2099
101350220
102921590
8277747
3589
3381
104298116
106519948
5154
10673
106540883
101342318
6529990
100663420
103741129
6446
28514
26353
84458
103803313
101380638
101403664
564592
106112145
103540385
101321607
100558428
3981
104694849
104510940
102998442
7099
1234
1977
102871859
23495
12767
103377314
102194382
3576
100997470
22035
106824653
50227
106862050
105401053
100190547
5295
103594900
9332
101471145
100260090
106922539
105131554
7490
105581718
104329622
3493
3662
103021320
104996321
101367264
83999
101976391
12393
102188471
103778166
55892
104538867
104303995
6632940
3813
3678
406947
105061430
303180
104572916
105727159
285782
101982939
101871013
101932511
574436
57824
104690790
7920682
25661
102513372
104284230
18444894
5008
3624
102902235
4035
5058
103145846
100184753
1027
3685
101057419
8741
103805741
106106633
104571955
11076
746989
6757
19264
103114672
100288978
102389379
596
387
246778
4552
102987325
695
101648902
103802133
2952
106956792
2033
595
101322692
13380
100444036
682
3716
3454
104060248
2549
101072504
2512
3014
2324
5743
106579457
101100618
104038869
101464914
104623200
101554974
105200331
3500
30968
105267355
100543303
103532935
5111
101658527
356
100563747
100550821
104353381
103160129
54625
100355926
102344433
102120529
105815829
51435
100037056
104556451
104267926
2022
104353837
10134
105870392
7474
105190661
101523688
6049712
100085446
5329
673
101073298
105274712
841
104220164
1017
681389
105902759
4102
846
102496669
100445752
100583251
100222807
101826343
14456
103213380
104659154
103008184
105512056
8792
100027825
102015579
5196
104301280
104874600
50964
11082
105717668
25738018
102033572
482354
1051
102721949
290831
101278951
105515145
10721
59067
105978573
102200416
102084521
3538
103336856
57510
103189005
106084366
16098
5027
12387
1163
104163427
101161079
20196097
101709487
100923091
106585046
105985509
854138
407021
104749137
55023
105679941
1485
103085661
4751
79412
106975404
107070295
103079235
3887
104926175
55179
105512760
100355871
102437329
4904
5598
100702156
100474847
7249
100865118
101263776
100528681
102823433
3083
101928478
6423
101831519
139135
103192068
103072101
103662821
567
116173
3455
374
407046
101126473
100913907
1499
107112988
103904064
101690532
102073618
101380855
3690
105011124
928
100459660
105692223
9947
602
549363
102541837
3606
100996084
16181
104303575
101916059
100520868
103529038
104618087
83417
101382055
3558
102288535
102298882
104151351
2495
9500
104781066
10460
23411
3562
29984
106678310
106040259
102022371
10232
5595
6455
100970815
3611
14042
11502
105611998
10666
102746620
101147194
101566472
10849
5515072
6364
5000
2944
3586
26960
79169
3492
104660455
103228998
56616
105473796
6347
104680450
8771
105100861
7494
100957713
51306
102188284
100914891
407025
102744429
5806
103768912
104317338
105105384
12575
105585483
105590798
475584
406948
104938502
105293515
103240338
607
101103648
104633308
7124
106034357
100906776
104860814
100617664
654
448732
55507
9612
285
8870
662527
105433204
101890407
105218735
5176
102997770
14056
101481339
103207807
105366317
100482078
102200637
101946796
100433878
2048
3732
7422
1000
3557
7517
102000256
4869
104364335
102461475
105213212
105853542
51655
104493221
100116149
3535
234135
105089934
940
5054
664
101826029
105040691
102276172
619552
101035813
101437151
107139082
100031881
5243
3105
6422
3791
6615
7040
106021667
102727122
3309
1277
100195224
6941
944
100503339
102879695
101780046
103397008
100145675
84433
100507436
3815
20296
103371759
101024116
1524
9097
102967043
103121480
20195259
6776
105701471
106952476
103535386
3497
100726221
101610316
104838967
104376165
105726839
479077
105340795
106851611
3458
80781
104347707
104163353
103598752
102759770
282618
23405
106130742
100524976
102406726
89780
283518
101545402
55635
104532258
1733
9301
103817363
3590
102227443
100513912
100029834
1965
100219515
2065
104547244
101007963
104277025
106598352
100424428
6659
3717
102055251
100673480
107089672
102257499
10891
407975
283
1361
103290251
101122859
100882750
106815605
7412
101064304
3725
105577695
6494806
100994918
106049510
105622912
650
100231952
4920
3440
100585043
107823
107094818
105399034
100373849
4615
3569
7520
106367838
3082
102777544
1116
104364331
7133
100913201
104619167
105265012
104465098
406937
5079
103105085
100602926
2122
632
106176349
6387
406910
105992508
104961505
1513
101015022
102325434
104791472
101700405
102055544
16193
105525159
103912352
952
105866434
5903
100057692
12981
102104727
22059
3921
9846
100389349
104294123
102910002
101698401
101073407
106468398
106580439
101616596
7518
489094
101487935
406977
416214
106116347
105547765
104128865
104018071
406884
286676
608
11651
2260
101140725
104993340
302
106604211
101172132
4792
104936440
12768
3123
2537
6406
5788
101052510
582200
3217
107100457
102509336
104002034
106783990
9935
104576679
861
5698
2624
103614646
8230452
4853
101343565
20302
101556984
259197
102692829
5601
100962833
1788
101614299
22806
3551
100000709
6376
101876734
5971
407055
102303012
4210
103373487
100086259
2672
13628
105621434
7534
464119
103578918
1557
1577
105438521
102797322
104029138
102817080
105565191
103560265
102062837
105856027
100682558
100022914
6759
100726977
102101098
3757
101329008
10402
51308
105733508
102532487
6569164
102000187
107121904
105636495
100868512
103891779
104045432
100554343
103016894
105909588
4893
105473975
102853962
3400
103587619
102501548
25833
103745768
1786
103245045
5444
100711505
101611031
51741
4277
6580879
104276357
101281708
1029
102512983
105508014
106162975
698069
1030
20374296
104386104
101843019
106628516
57817
101373675
102344722
105014331
106644113
3553
104515471
100624870
5244
105770693
104403542
1277307
6502
142
106568016
6890
5296
104678937
604
103218209
407007
103074857
107111562
103359216
64324
406974
11450
106672435
104382674
7102
10010
100388566
106747318
961
106631918
102688471
6618732
105205524
106938743
8239
5170
9103
3507
103896951
105939335
106891395
21943
3537
105678193
406912
66915
11040
1041
7012
4313
84432
1031
2321
104074595
960
9518
101807043
101831002
102896829
2261
106000782
407029
101872155
101971565
7066
105222825
101392273
9465
17386
104951617
2056
101068764
106669352
100006350
9961
102206842
103294513
3714
103397827
104052355
2185
107317979
170679
10763
4790
5133
54267
4791
3312
102019202
106739507
3394
101789499
4192
103732357
102996664
104955137
3091
100200866
100663653
102943320
102253280
103566298
106548509
100599595
4049
101364354
101290248
106611401
7015
107043118
3484
100586897
6608964
4346310
103088462
106907451
103458261
105569922
100959941
6650025
14581
101737867
100763780
19027303
103470645
50802
103366383
26579
712743
7187
103496515
103087159
5174
101029077
102359965
100690380
102202035
105222311
407041
103025001
9049966
102033219
974
2532
103354764
107101617
104384842
5371
106044410
104113752
406976
6588501
104677169
102862994
20194900
925
648
836
22894
106691394
102205914
57575
106650343
2247
100672481
106493055
103215646
3676
105410819
20245475
11061
107039033
8600
102346523
100283199
104312472
687
106902645
80317
102184804
638
170680
104946583
100067241
102694526
101576887
102924360
100727598
3837
406911
2629
27161
101309019
102138188
106311715
3552
104072578
102680363
107155390
104638549
103571098
101428090
102072409
6425
105098904
100051090
102264389
20319
695723
100773206
104987721
51744
54882
103254103
103032467
9429
8812
102790396
5764
5590
29123
106489717
105577310
104679642
182
103706581
3106
5347
103756365
101436987
100302525
18047204
743063
6774
6554177
973
101127408
67862
100302523
104068523
4041
105689870
975
100648156
106617879
142678
101792888
103189717
101508291
9314
103960437
104056953
55756
16658
106460527
106950947
104318603
106849590
3570
51307
103207352
598
105075960
101624686
106515538
7468
2050
102743587
106920775
102137131
103764941
100961764
2475
101067941
104918973
5914
101999725
103602271
2034
105894758
106469251
10018
101628621
102904206
102639187
25937
406991
51780
106805565
8837
105935493
100695792
6105138
54973
540769
104711775
105823490
101052056
103755076
544896
103183116
100302524
341
83416
103841159
102289160
105062081
105015872
8795
103261971
102447178
105825549
23613075
18129
2932
556086
1012
101341096
828904
6667
105725828
102363237
10461
17390
105935729
4684
103274946
3902
101031525
103822694
6382
103174883
104125799
11093
104926795
51185
107148296
102851789
101703406
101152454
898
102975691
101380596
101868418
22914
101690603
1958
106631336
5894
5817
16451
102836653
4360
54739
6415
100479350
107195525
4363
12048
102940729
51573
54904
15945
104563143
106993175
101272234
6734281
216
101588510
3565
17289
102315799
101338425
5693
101087169
102655244
103052448
106338687
102985495
100743680
105883848
101360874
101083169
5728
225825
101815424
2146
8797
5552
3620
680537
1576
100731623
728695
7076
101538270
102786104
101121062
105546716
5725
101011578
972
389289
100913447
106090618
825347
105548959
9303
105388749
102487161
150678
4063
51438
2487
105977927
105022062
5499
3845
100991882
104477594
7098
639
3303
1326
374378
101938886
103805547
102760621
10320
101120917
103251805
100408645
17887554
100206781
100161826
105892263
106722441
103664453
102510643
102990993
100074284
5925
9970
11186
6772
2057
3297
7252708
4094
102414325
3627
107098399
3161
105387346
7528
104588913
100968443
101455692
102245562
102440950
770635
64798
100999153
105301857
102252972
7428
2870
104495296
51377
102216707
1010
103918809
103659130
103346167
5521
102609681
100548402
7077
102997642
107192155
102437996
4153
5747
100352710
103611554
6648
12142
100773097
105396524
106896166
3501
4804167
7157
101015449
19241
115650
106402526
5594
30061
107273803
102847963
4318
104848722
104130173
7424
90865
3490
1545
106612244
104551979
1838
20848
2242
102490465
5468
103460020
103730830
3479
104167336
104514387
22329
102503562
101954782
306764
102879344
8725
103436923
4609
100405201
101807394
102633520
101612704
9141
22943
101428447
104678237
329
9299
102470008
426778
102924869
100713660
1380
101694166
5879
5062
100570248
2052
101025648
23213
103247134
7128
104392668
2534
4345
5328
100549417
8754
6404
101685108
105144377
6729900
6696
9261
102044678
3480
102222057
101485022
102635839
106646243
102268569
102789073
100993332
104472453
10135
16450
1033
7048
9021
102020695
103107881
104699709
101517378
101814945
104540881
103131187
102572895
100692734
103149429
102095738
105525979
799
2931
106902931
3055
100058570
105063541
3265
103456758
102252817
104545443
100878966
2215
3315
245711
5569798
5294
4851
102635410
104828806
105125439
332
102228489
105182266
106554241
100999694
407042
860
104016016
101279526
102776165
106599867
101899586
100787874
12527
407051
100577330
104391025
100442987
102408813
101112880
5970
100473259
1401
331
105476625
16412
6590535
101986617
106876975
53358
9862
101528750
9232
106498711
102911513
19401
101959310
442891
6756
102464028
10887
103920916
101660610
106617248
100224170
103676545
105484060
5777
4524
106978378
105300277
1956
7917
107208526
104335043
104823558
102453703
102119344
105826213
103781367
6498935
101155300
1789
104365652
105502948
102930063
103126731
104421138
3065
102573644
54
20969
101971705
17132
1981
406928
102671745
6351
328
213
14903120
102385195
101043400
7514
3438
51499
102113544
941
8658
105532655
121340
100446146
471754
102750273
1565
102086080
102731696
931
104075714
104410494
100538695
3036
105526248
4040
4582
8743
104148737
1728
23266
407006
55294
5887
102760242
10544
4680
406986
8548
100692732
6424
100347860
105600426
406913
102
3320
580047
5687
101692273
1235
104283350
10769
102988160
103668360
104788478
102132914
106532900
103904332
16323
10855
103623964
104837907
104487773
16408
2621
11140
104065597
102131513
100954127
54986
6688
2950
15442
104018995
105288017
6625088
7049
422897
106851569
102525918
6549348
103565989
102291471
103394931
4601
9437
4261
102849120
100429321
627
103283241
8744
105465648
20244961
100942643
54535
102616586
107087115
6790
104507356
102185166
100515039
5155
103190419
102761302
4801107
7057
6564238
58485
4233
102021209
23492
8701
105531586
16449
102059826
7100
9655
101796335
102368735
9802
106736778
101825729
7013
101964210
102090497
6348
6403
7014
103973818
407024
3667
102962155
102927208
3572
729230
107301805
43351
8140
102389358
6538205
102453460
26574
101913589
16401
9305603
724639
101453297
106978842
107034029
103734684
4082
55536
18193
104489149
5366
105257287
7852
102691275
106827129
5291
23765
17395
3478
100593327
101747197
100461473
64092
393820
6891
3491
1917
106865283
57379
7132
103055475
100826467
57007
7227859
10206
80210
106607996
5460
103763174
107123899
106823803
100741737
102293298
3603
930
18033
105837167
106976633
106513637
5290
101997123
5515
5564
3608
100370812
103067854
3514
10859
104254822
104907779
102422851
101411962
1471
101408295
101369607
106002328
105459449
104046716
104481777
100769752
3688
105364378
106550392
103290253
105142910
104138156
94025
574448
102529319
12774
506656
3920
406932
461070
106755263
29126
103357134
101063468
104669162
102419435
920
706131
101605406
200186
104402143
4982
101557909
393373
101000513
6370
3383
22339
85480
103535749
105072538
103506503
17869
105024577
17118
406950
105026233
30848
1004
958
104331844
1457
104377283
106921735
101692729
259
4067
101629065
100407883
104282424
107004554
55959
102363015
6927
102372149
9776
5586
513054
284
700254
1462
1655
105179676
107144631
107226182
5573316
104689518
102567385
617407
2861
102583482
106655581
8651
104254986
25361
103140542
101156018
104254043
6996
101086901
105469722
8856
106145746
101026137
106852945
4170
102331108
106984577
894
104921678
105904648
102531762
8569
106603477
3605
51114
4322
8033693
100125213
106749185
8924
3135
101395423
101857729
102515779
8826
103823716
4783
378938
23358
843
106065107
104528629
5327
102267042
9314477
20315
105483841
102457400
104036695
6640424
102949086
101475058
207
1493
104985668
105462408
105428685
101123953
1558
101384940
2213
106590495
6572974
57823
107138853
6621693
103246476
105544501
104643598
105832911
106832207
3595
7082
1540
103877398
4915
5599
102476810
102116517
103084602
103702976
101535700
79679
53340
4312
104460409
102268973
103625640
