104577923
104326630
106367689
6538932
101820068
9688884
100037669
106713006
6643774
176165
106064991
106579571
106090222
105276414
103732914
10535870
6567940
100965324
348
106352232
102617315
23621
18028793
105701979
104550704
6391
613753
103779851
106900097
106674385
100993692
106100881
104474858
6072857
102095990
104367241
105151463
102697857
25341611
7899748
8495989
19116024
105086450
106079001
103893508
107149199
106037588
100357920
105145536
9687603
105268208
106482864
2289
105702459
103372411
20216385
106674102
100719962
105834871
374308
103113734
101886351
104752613
101896365
6044949
5514760
20326869
23643
106679106
103308303
106882953
25682
26302683
100682189
101235238
9185918
101413961
105667840
105459926
9266400
540
8586542
7099
18623574
5867
105461755
9304383
101606023
14525710
106337317
105312349
105280769
21389998
101448368
104021027
9476101
102496590
105088547
20230091
105667842
9814720
107271880
107191567
18168822
6499924
102068850
104942435
104485460
106652153
5572143
100051060
106627175
103827066
6635154
106461360
100867736
100907311
103859654
101706300
949
106082202
102903937
24518876
102407044
105313014
106708418
100341463
101900766
19956403
104980376
104948494
104052166
663437
8045517
107310089
6527978
100784611
104733066
104139124
102854945
102935886
102434673
8852913
105178667
7879
106747084
101327792
5572138
5621
102038883
102560950
309
103245186
6632724
105998262
102038340
102058815
100202645
103850436
20323639
104707389
102337179
101352851
105404398
5013112
20319219
101458485
106400006
101932168
104517449
100008746
10024918
18259268
10631
8029779
101862577
105315993
18241594
106418356
106720897
105495796
5572142
6573429
105605995
107107273
105255829
105344814
6648220
7223083
100161750
101452471
8038780
101062724
102880656
104720747
20651040
105688562
25989987
104603760
55823
105071379
100745458
286898
18083944
102801365
20328180
19170641
100579686
102370832
102961735
789333
8028641
105635224
18027448
102108789
103624231
17359738
550529
17311943
1271641
105448328
100637256
100115267
102062105
101260723
100215554
18746863
106326764
101878795
107315128
101108235
104873214
103229330
26528861
8621479
105454018
103538771
9529676
104787016
101045757
102416369
105917291
100643802
102506664
6046977
104489609
5507873
8035378
101621183
103561501
100570461
100583917
101959672
102188400
724283
103594467
100373936
100225420
20252372
101337473
106750004
5027072
101853858
100023837
102734780
2583
102182808
102677584
101026000
9648250
106079002
9519463
106738037
103436751
103069819
102942900
6621583
7211974
100953549
6048471
6588421
18246024
103641981
232333
101678809
103904261
25362601
102233351
105132845
104824737
105541947
282838
103292198
103765252
102039222
105277891
106113764
102834888
18921030
102897473
4800310
101585545
101601636
2875771
106786542
25260184
25837544
103806045
7481690
104543556
100487339
101850473
19022086
7207723
101798454
18831127
101859955
4316264
106083284
101569492
20319215
106679231
105201184
106816419
102433233
4534
103017164
6362
2717
105569341
18818359
105252991
104643002
101911872
100759507
106585168
5542383
102006185
104308238
5564141
106967649
103527152
101462556
553330
103825295
105812521
106432546
105193603
4984731
101852360
6566969
3403813
104018153
102046220
106716252
105698045
107035172
612174
11513464
103199362
11815
9825568
102089299
20328977
102927665
105343152
6526482
19247711
101812231
4160
18040960
100065105
106421763
106055651
105837538
105197297
93953
106137287
106816592
100977825
100479649
20323499
105274622
101895135
101099108
19288935
102958453
19150834
101210162
106435843
24921641
6588951
105994812
106048901
19328060
11175843
7314
107267403
103549097
103607828
104885999
100175939
3406038
14917693
101356175
6809
101865784
104921370
1269932
104053206
102559560
105209544
6536469
11425301
106474913
100968752
104061663
725038
102933372
100441671
9527175
8037050
102387770
45821
106101963
105343149
106444042
5579
10190428
6872
101997976
102924024
103510845
20319220
103609164
103336673
105998958
101832492
10031436
102281269
20236428
19407466
106012336
106546287
103278526
100009042
25567144
100905931
101958227
105223015
104262923
106339019
101861063
102875086
106334073
103398039
106320439
104486799
110460
6569434
102226228
67963
100636865
101804681
106871301
662794
103919020
100472330
101130124
7210890
103079128
9577411
105287127
104590220
20316489
100699750
100750144
5916174
101891528
103270286
105617833
19465931
8196672
105186089
6036094
24527089
101233783
107269774
25295501
25258761
104354642
106864505
106839182
10948
106626963
7048155
105845389
104689687
104996333
20314873
18495110
24094354
696778
106117722
106038787
100695975
100557536
104210839
409187
104154429
104777125
105313936
11472630
106442227
102392837
25739245
14906818
103525766
106814456
100354117
10374399
106448610
107077687
107118573
3508192
103436754
20644222
8231263
103664942
106805901
18145
102391554
103019322
67470
116444
106827716
105821549
101141407
102240608
106146712
101645681
104164486
106828635
101061759
6629667
106749376
103574879
106342400
25413671
19023968
100213520
103065603
105686260
105214696
100765204
6595306
10901227
6578197
100168306
101512418
20318830
106482574
6033940
103749063
100574901
8052632
104980337
103396350
106868578
8230111
100367226
102678348
101382044
101829405
20512
150
121512
6563854
106361551
104288201
107018045
103747360
101862111
100034082
105399160
106961567
104311819
102889482
8105140
107092389
4936258
104146103
5514924
103379481
11434684
107087507
9938281
655554
6573229
100077948
107121413
104917708
105543411
105448964
105860940
102862187
101462477
102568452
19251220
478712
26235496
106333545
100199519
102619625
101853129
832447
20329114
11176056
106656149
100605618
106978463
8035180
101874182
6578131
100716804
101883346
5660
104548479
7220646
20670014
7246056
103396923
105825380
841067
102673249
7422
105346019
106129949
105231849
20229506
14609
102851283
5572141
6729348
106665325
107038597
100457753
5232142
101424839
65082
3411690
100904835
100934668
101085564
105559040
105707269
100718604
104380208
100966407
9529674
100630498
102837342
24593793
104287922
105483574
19950638
6540973
106887881
102057736
102674834
101013814
103182985
105429862
5667648
103079637
104276614
102918746
103554953
102394108
107051505
6731752
105858023
105758630
18847980
19256287
3643
100572592
100647503
7023466
104472207
100908374
699235
20236278
100649487
104370583
103227363
7235449
20296
26239593
100902559
106949842
106120285
106062551
5444602
100868766
101710344
100962646
578668
414558
103904372
8620617
101353340
5575792
104377852
102051156
3257964
18739719
104315537
106058810
6033939
103067852
101957907
5669
103758762
103767359
104634324
7914176
18932571
104006757
106066302
4565383
104333480
106721565
104342896
100569270
100228619
100647216
101898283
104392704
107039236
101655971
105199775
17898415
104719355
105391380
102302376
100689424
100658798
100195327
11500336
101338686
105675984
101888580
432367
105042658
5974533
105200530
101700822
10577
106141465
43648
100116044
10378256
104484466
103135728
105183989
105343151
105145537
101686970
103583768
105338341
106671106
103471461
101372072
103586278
105561841
106617280
105983581
104265641
102062961
100616532
100541908
105596906
4392945
19290108
102540308
778978
101913075
105620753
10529891
106422192
104087135
20322976
26163777
33374
6632723
103755143
6498904
101402298
408992
23426
102614225
105985996
4565103
104336784
103860171
106748350
101547726
3725
14900803
20819947
102306861
2760
106887423
282673
6554975
105566726
105092347
107037289
116150
106722049
103577263
105693946
104692815
100401048
100649270
103657832
13033
104664488
104678048
102457604
103826920
14883992
104141580
105626392
101637972
104813176
20241973
105209569
105288223
6033938
106671104
105431090
19461627
23638958
103671186
8847909
103573633
103181036
5501596
106072772
5719660
105856217
18607395
102782249
102258923
103004449
10211
829992
104031982
103031318
100378598
6552165
106463629
20235498
105677927
103273346
102789318
851514
106885999
448830
102281634
104917211
104153535
102449666
579887
4622957
106107077
9578503
106748340
106467381
106477064
105393183
103210504
102979951
103036717
104529290
106968233
18876432
103334770
106359284
6552163
102565559
103572333
20368263
105261058
101876859
101293693
105920014
18768332
25308484
103937702
106617298
105338346
107217156
100729146
613856
101483246
104942436
100570449
106653856
1410
104620646
25254972
102773675
101369324
104246385
6033941
6046996
6631966
105382369
101652356
351
286772
107043146
20376095
17301069
9939580
6033923
101051100
105252936
25739540
5880499
103611531
5579376
19895678
19184412
104264151
18797869
6648217
105698779
100027990
103697227
102307620
6536470
101800607
105431142
6728692
19191967
6499032
104716116
105187035
103236981
102678102
20361214
398947
103311439
101120716
103800670
100198792
20648085
104539408
7825922
18590187
104557287
105716309
101949692
101225216
14913621
105693945
104280814
101468486
105233589
106075426
105678103
8291466
102168958
103805002
103222848
100441015
1273114
101934521
14667
5579505
105836680
107067800
6500638
105287153
102800765
6497415
100948909
104801956
4763505
105255252
450192
17880861
103817489
1756
104074245
6730266
105465019
106134215
104052133
105099856
19401491
13399271
6899737
421076
6101075
5880024
103530015
24093153
6730267
105585279
103490460
100868255
104502833
664531
106812450
11175856
106076864
102523256
104571320
104471822
106442228
103565249
101160914
101854698
103589276
104379496
106792957
100877673
20086411
20325498
105838184
106363034
103295764
104993629
105622877
102477597
101100719
102392857
106788629
104759571
103959255
9302866
106126676
100547490
105218593
102678976
104265642
100182672
100542374
106822959
8107904
101528617
102954025
106034884
10512601
6641397
1280356
106457464
8290357
26841642
6572699
106616026
101118355
100534777
345611
106173112
5030272
9308143
18807011
100880611
104404121
102529145
101744032
18471058
9183824
103486693
103222232
101820346
103762513
104687362
105567110
104671148
105146309
105340689
6538774
101531522
101105496
4699946
20247681
6612909
105611431
9588303
396639
100574458
20327723
106470242
840851
20325422
105150064
6505954
104016168
106790061
106050947
107067870
1273110
101159535
101582163
100868857
19265273
10808507
101325433
6651238
8027100
103510836
105819882
103829698
102729237
105426681
104069114
104032966
106533716
103197473
101465425
106869623
106661234
9697263
102109480
105095165
5742
106120284
104691375
20329253
20211798
101808124
4759341
8040885
55738
105705187
25312792
103369337
100634252
403698
103459034
106858922
102444938
103548599
6599455
1273115
2894505
105785998
102259852
103746625
102979608
105825017
104872472
2891
20808439
104724099
20071985
106166156
104023730
105687413
100710077
104062101
21405131
25030186
105346018
103621030
102282247
101856886
106089934
20329629
100478497
20326874
5581
106011707
101120623
105000073
5667676
11820
104960909
106117715
5980313
102105235
18624393
105401180
101982021
18488507
155030
105683592
6588185
105401257
106548190
102838591
14541963
102092401
20073632
103618440
103829697
100635357
20648523
105902705
103118539
107139580
105846846
100202308
106857447
100689342
5579510
23618249
4801640
103572336
100763971
102177434
105918544
101100862
8628254
24122857
106055650
8929
6615169
104053403
106764414
105367282
104777637
20325500
403920
105150006
105282982
104123473
539550
101517656
10372319
106053758
105382368
106356370
6037510
106178074
104837020
106720377
3312
106161995
100947389
713375
18991998
104507583
105783592
100656147
23556216
100089021
104905643
102425856
180719
104263130
106682943
105693947
105917320
103312703
7799
104861102
6555145
106141616
732993
229
105515060
24109259
102850757
100788929
107223680
8023409
7835412
104872503
104371202
20526675
104068076
101039235
102894210
101814755
10510529
107171159
101624851
106466934
19245254
102186587
102033643
19308127
586083
19030412
101745483
18162386
104587133
105574413
102329138
20817619
105590850
104071835
100515982
105143878
101611235
103030672
100894062
104824944
106720548
106335550
105870644
100011777
105075070
101172744
100203112
10900357
8050645
103745675
105454490
105630087
18035571
5572680
105360949
25836203
463381
5022715
102726899
22899023
101878702
24123898
107036050
199713
8232328
100857973
101981918
106333851
106653198
6570797
104386897
9466034
104264746
106789411
106655963
102697104
104391598
13442030
104564191
101421051
4800772
105450238
11439874
104555502
101892596
101816165
104759756
102041504
101365004
25773079
105854793
106476349
103840322
103972124
102794765
14914175
3431
104330690
20186579
19941780
102823929
104828999
105432266
5727939
105504249
106968368
382
6541150
103192366
103184129
103075599
18020662
100878176
18491025
106893725
105079789
106664837
101498347
102535583
101834423
101863399
105299234
25769562
20084581
23883935
23548615
19258103
107149375
100672606
106768307
101286228
266732
105026433
5492453
100302632
101736896
7223289
104523071
101007992
100926260
19046597
105919441
21399934
20669002
104862741
852101
103537858
106641312
20328337
106764758
100650737
103720911
10899635
106493574
504524
100178202
2629
105215585
18671
100865833
106110837
20313629
105299465
107292297
105828508
17358113
9184799
6616
104718553
104311697
6037244
1509
103040688
19
101004777
104396999
101722147
101530163
6538931
493351
100898921
8444671
106161117
105340688
8617773
18812672
106460070
3253899
105712092
105613258
4800773
103360376
103311951
6344944
105900595
100662087
106101593
101567849
102013695
105367021
9367
101094270
105385759
104861394
103549283
106136333
105197296
101497149
105423049
5578
42864
25035160
25284528
100195561
5031115
10188913
104533412
104579528
103864816
100391007
101538734
19248520
106719793
18080933
106154037
106949581
5883410
102118398
746178
102766828
19164
18846571
106721533
104685167
106180434
7054
14873137
106166123
420189
105540790
26271745
103082871
6628353
106715587
103283578
6569600
103232916
14496264
106724045
9224130
104151103
6500637
102326861
101919797
26254048
19132064
5893403
101935685
104043719
107221753
104838913
832449
8245953
25353045
100795551
106647262
106082212
100979688
699881
102019748
101321510
105838182
103029073
105564571
5579508
33072
20315208
103664581
6576261
104505120
106617281
102899049
105338347
106130017
103780047
107146221
101953743
101359409
57192
17361933
102888056
100120887
105677208
24588988
5572116
692382
24414949
105019568
663453
7473
105304560
100438494
105255275
20177293
19229733
104402433
100879687
3374308
9526862
100648965
101066324
104841949
104114042
6536471
106812385
4137
778696
6730629
103838532
23600
102576666
102336926
280815
10899636
104334040
107063947
106163625
100092266
6617432
105461624
103114746
8297840
104060002
101789797
101537227
106023290
100908898
106090555
102002637
26240910
22582534
103067020
101277149
20236279
21399933
5579506
105509780
100680274
2891093
105216361
103479869
102329867
1273112
104460769
100369121
5515213
6036483
104448933
102190044
100441787
6573230
101855171
106100885
103510844
106762056
101654322
25036194
14890959
106067565
105292308
10807306
23885932
105835353
41232
291359
104568254
8308857
101815516
24482531
7444647
103184131
102751815
106082209
107114638
105669917
106158179
101604816
105620279
565099
692685
106850173
106708417
104632886
102046869
104061334
102211189
100367404
8849926
105266361
105405083
103006970
103575941
107199325
105296759
102502951
100174922
8504431
100125555
103303623
102618032
21898
6750409
104628407
106130658
105405817
6607000
5038369
102099252
101980293
11496813
103310264
101383529
101736837
9529675
103859655
106486481
101742843
7197675
9327301
25475346
104520485
105189474
6037245
107045625
102493644
4395249
106011706
25985733
17362500
5997481
20328176
19986925
25029619
101968764
100242789
102364175
104487789
102615536
107267435
102991927
102225173
104985599
20329328
397591
106138846
100590536
101916519
105739403
107063903
106915789
8589110
106450397
101386640
105560992
102844231
6629469
2674383
105190879
103915815
104250495
19235747
104027624
100906528
14886823
5572682
104482767
105296700
101358042
101534536
102694608
9946923
19972710
106100917
100635252
106950515
16075889
6070848
102343801
20187070
101624002
105348613
8273616
19011254
106459242
101840157
104237807
6102007
100034040
105190211
106787815
105831241
106988550
101617785
7431
20826996
103251945
20166518
34358
101559321
106791395
101516014
3303
100918685
8249491
104509455
101448531
6570226
26273385
5376
100573598
18618779
4800771
101994893
106152000
100561824
5232369
102444975
5515375
103723575
107069247
104267020
100881334
25976500
101894052
103057858
101839696
104910376
104779157
104903808
20194533
19303440
101915707
105583913
5005652
579810
4094
100931021
103591964
23562544
101590351
104534389
20653462
26266484
5045135
107502
101390920
100870824
10908491
104836018
7845869
106569313
102540962
6033930
101889160
105186167
104634719
105891540
106882321
106670210
2896
237636
105365619
8142337
104625379
105108319
745667
104519841
5855184
102793899
100875323
104334843
105703180
103913037
102865717
102215598
105318146
9821555
6500639
105858687
101936944
100600389
6607687
106336215
100059175
106066886
105308763
103952929
610524
103505076
106468076
4817531
7846769
21333
105906268
106463978
8583942
105330237
102018318
104549185
104292496
102835698
103005989
102157295
107068561
102424432
101714380
106651739
100930234
100409286
101163289
6033934
25787565
102271732
100301847
101078506
102070162
7828671
100748286
106463561
856101
102944762
20320549
102166983
104570646
100515283
102097787
13289885
17087
11530745
101900943
103531895
104937729
8034285
102189363
8051342
8238929
102202895
10501971
101310669
104014253
101288008
104951820
105137237
18053584
102600216
102936142
100009589
101051784
103578147
9322137
100654401
19120781
106891249
9477854
8773
106771547
104127686
104930661
20454
10909596
103607394
107192622
102759741
102533144
100901225
102813473
102243381
101854932
9317
12568
14521656
26233019
101389550
102097029
101147082
100980344
23613857
8244551
19319880
655972
20245452
6648218
24919361
106617286
101672323
100906073
104316329
25357027
102965157
103298108
105517157
100898060
7832593
106482292
106381964
103728427
20329675
100900920
20323452
106374506
100377005
3409487
105265286
105454019
104278272
5055
105086106
105066195
610398
102260685
106745052
104501219
18833631
102324658
7450365
107162568
105014405
101542285
8229561
100443067
106139639
104312079
105494216
106533041
100868920
102245312
20071125
552375
103595460
41710
103835189
23463836
101593835
104835322
8281452
100184709
102513930
100207902
8508569
103816081
656721
102019774
105620614
101808293
102736200
102070038
105455296
105340661
102844104
103971663
6052423
106702160
104163801
106923550
106650233
106101462
101134809
6648219
14915055
105340686
100346953
5930918
106747617
100908692
20809317
19335984
362675
6726551
104133234
101446599
105228597
54332
106457160
103470594
6728691
102570133
101836262
6504377
103926189
101324511
105267036
6611929
106625282
106434767
104339948
102928979
551922
10507929
105781524
8042781
107081724
103412117
6607001
106070182
8563
105080899
5663
106166252
100813262
101129198
105205065
4933306
106538595
100122535
106177757
104409645
101071329
105393252
17320533
107107442
1273113
103765686
5034285
4864
105462001
107142453
103136181
105541103
102098557
105026212
105272071
106417939
27409
105455894
6606447
100257163
104160910
101742149
4765006
9315131
104122377
100411846
101108087
103187795
105466848
20329575
18884726
104358314
20328178
106352580
106826861
18677003
103013562
104297246
103777491
18445553
101532776
101646501
103115938
104677571
100745400
103535642
103398541
105671275
753310
102053414
101487303
106740561
20231335
104703533
103834103
102371188
104348455
724386
19210846
4801774
107043622
101543472
2906376
8035814
103955523
5506650
100472359
2909863
104616897
14521367
103900256
105280172
105340690
106884062
100746862
105368269
14520304
101641244
102917600
100832617
106637626
105343154
102993075
102239711
6634137
6612908
106690344
101803026
101790153
101894188
5542783
107092753
107118735
20377193
8052633
13882773
100495195
103734986
103293936
22897902
107199853
6728690
493693
103573530
11521172
103118038
103674681
22583728
106713008
106612259
100087712
17044682
102496609
106974424
105559039
8052737
6607002
106121803
102451874
100574281
105984645
103312725
106030589
105508316
102110106
6598639
106619601
101069555
8052937
9463
19158746
103011286
105835405
20084062
22582837
20237196
100869454
7485640
18019408
824
20638696
104877131
20325037
9472347
105626391
101355066
106376845
29881
100770757
5032408
107205727
106460982
6348913
107065855
6721
102689997
20328177
104496137
105061639
106787309
240
20325036
1191
106859601
104310103
103771624
104812975
5579507
26807734
20202517
106924543
106302393
104116971
100377419
102961344
105532631
10519030
104628137
103527422
83930
102681359
103681265
5718360
591308
104357617
103445217
105330228
6552844
100458187
106556878
103136859
103085029
102946441
100569067
103609165
103923211
103716598
100229991
106679221
18777803
102182125
106082211
8498966
100230708
106620566
4814554
101289671
5145821
101458443
105330041
106471199
101672463
104354318
100367709
9223863
5510831
2353
103262562
3643314
101320406
101876342
106629118
103812934
103774043
102981101
100203559
19886399
100749422
101281856
6552164
103192583
106520665
100744128
20329919
106389752
106541644
24125254
101631422
102501315
106742974
105033845
19258308
26530226
104293159
17381
18763326
6728147
455338
103568571
106400402
105320698
102674605
2894897
18096072
103189901
18258368
102974230
103811987
103518285
24409251
6569830
102266518
17887858
105186090
105346017
18471328
100121976
9310218
100567997
105203615
18914657
105708716
7450967
104539605
103399666
106424022
105545236
9678340
6648221
102123618
106161118
101914202
6775079
104469613
5437683
102964566
20327170
6584030
106379752
79068
106832096
100479962
5447067
107050589
6845
20318668
102089945
8205138
103105094
105687499
100810332
106164556
20510
107148101
6734444
855880
25785388
107155078
101898640
104355631
102522560
106446729
104563451
106805780
102427415
25382580
6496958
106744487
102204123
107035955
105195649
104076341
103577188
105340682
106867699
19885061
100101154
105080690
6033935
104352669
6013497
105019990
104419033
106352583
106685824
100116358
101623600
23464854
104520974
105250726
100494646
104134154
105220487
101405751
102723045
106155638
6569601
106516715
2677853
100115434
103507941
326136
6549739
6569602
6104264
105318596
106032694
105388066
25261113
101759403
106477011
106118044
10900251
106359683
18496827
106356375
656806
104410571
103624965
20329903
20245342
6756133
102435150
20075952
106805026
3920
104742110
107293074
9619393
106435842
479324
106101014
101718169
105346653
102733535
20227264
175426
100029456
43649
100201430
9676776
100030165
106484602
104033460
105331807
104467916
102895882
102189033
102327023
104303926
6573228
6033931
8862747
4321637
2901166
5006826
104614995
103263102
105422386
105812501
106600427
9311479
20348002
10908490
105399760
106462796
14873878
106334197
103493815
104638289
8510249
102184874
101275446
105255857
102006555
104157085
105270303
22879713
1273116
103210839
102113678
105398433
102276842
106861763
106467281
6598638
102366371
100553630
20778
100669721
20177298
19013329
105965918
101396802
100468714
105323362
102522385
9649941
25490313
102124143
6598637
103112324
100746515
102413123
105211351
100731438
6081588
101445719
103083362
104032313
100568472
106135660
5124681
100207220
104500516
6726550
105209541
101576407
106732248
103136179
6621198
700835
7243303
5568457
100855818
100575054
25325620
9476087
20323500
6647814
8033088
106334097
105367629
6190250
18033752
104076103
1179
101431853
105209542
100876594
106356371
102506093
105231850
101456188
35546
100405930
106166157
24957740
106678118
105838183
106650615
100908283
856612
106121804
102871767
101052583
104021832
106356372
105227594
100920343
101693403
22882254
6542017
102143555
106748352
19275283
20706908
106084152
18870104
8056603
19113816
106905312
106089746
103802991
18483384
2319
41233
101629416
8877
103613564
100691090
6537362
102536637
6575149
105317346
105226761
103058074
100581827
104503241
19894172
101388987
105233217
4851495
106314611
101203163
21407575
6189195
6609
100733331
19904628
102757732
101963338
102291319
101848455
102736198
20
106309273
104385487
9822327
5572679
100875256
104306620
20247335
101682629
6629470
102375655
6555144
10030573
100202788
9691284
3872233
105256783
9805687
100649847
106948601
103898813
103358201
18591708
106933187
100906140
17893260
106647354
101211336
100635399
101955465
104399516
18933459
6647661
423353
6526124
10529892
105182770
103664820
102190510
101892304
105423050
103146657
103259083
103761758
101863510
105148921
1273158
102378125
1118
106120017
25795187
104493093
104363397
101869446
1277820
101840072
397410
106058804
26269924
100306609
4584633
17084
106884063
