
105520967
154215
106859041
104052747
105409081
104622806
103210278
102109961
3791
103754388
104868034
3574
3559
7040
56288
104310822
106607670
104043473
102098791
1656
572
3936
102057263
944
24001
100128553
102487166
386653
104344247
104031801
105070251
84433
26054
105938001
103901960
3815
106824945
4763
4193
603
2826
103592484
54440
1401
100951282
101806275
101871464
100334442
10673
6776
6367
102343415
103073449
100771450
105583923
102820381
104392425
104279051
32679
103030446
101085127
107109049
6104093
102097412
105004638
101527168
23405
2272
22324
101711984
605
106962112
3702
2313
5777
100979016
943
9940006
1028
4068
9531
105478722
112858
21844
80898
102133494
567621
115362
106545197
9260
101541293
102919995
101865530
102283572
107293958
100139161
104042980
101043132
112744
6249
104020113
101942038
421720
101417075
105713527
102478882
6774
28605
101463881
100450841
9020
106043428
102752632
6659
101402605
27332
104664652
27351
2120
83666
100598161
3717
100714296
103017197
304109
64919
9332
3065
104374039
100605637
8234571
100138318
101094530
104565312
103818444
6777
7490
102505628
106497976
6304
17132
102459366
3662
6513
468496
103197402
407975
283
104529417
13163
643
12125
9235
340307
472
101803496
100768570
100544801
3725
102528300
103625244
3812
406947
8115
12028
103555037
102345775
103458604
100658818
100483966
104638649
5134
103186448
5781
103185540
5358
6966
101352570
101822177
20587
931
101042162
106519118
10892
3418
6850
3569
103550555
104516923
12578
4057
484045
100391318
20963
101693463
2475
15273
4582
238
640
8743
5079
101127390
3560
104489230
5335
103531262
55294
101635203
100061852
3561
10018
100555790
106613350
4843
103081019
102696827
735176
100155707
643854
699792
1385
8837
103660908
1235
102859405
101684996
104330823
53335
952
381305
421648
55245
80323
10563
100390844
102071136
103531051
7317
101867132
6946
101541046
100920711
105994106
596
103900699
387
1534
8655057
104989276
2828765
100540208
28755
105411198
107114195
57674
106494979
104689964
7518
101408078
103739081
101373050
50943
606
4684
102385589
28639
102371642
102000949
595
7271
103619357
100605316
104356940
101103280
100675466
103107855
101125464
5108
4683
104851438
103222654
741380
734013
608
701688
100052764
102394221
9437
2260
101630188
106860712
3014
22914
101685512
1958
7486
101275135
22778
102168351
101661493
407040
104368695
28985
5788
101582423
1232
407008
5551
3500
4363
102264043
102031495
6790
165631
104343461
861
105925934
101708471
6346
100330358
356
105575576
472168
105868583
5155
105523089
104483152
3824
3119
54625
380669
104501283
8174
100362710
21432
102934808
702288
1233
20687
101598161
20302
102971181
107153147
103178594
3066
101079238
103264558
104923304
2022
102761280
102083778
103673212
255877
101345247
1788
103217191
100735633
4830
23705
5728
101791458
2146
105588871
19211
1654
4070
105545976
2672
432450
104412401
100699296
102413018
105015781
54806
23613
55607
3399
9603
64061
102111323
6965
5819
2908
867
31536
7060
105293853
21423
103030910
5366
16852
6362
51341
6847
3002
104306419
107290521
7852
4292
104504766
102012732
3578
104031752
102419105
103061969
103807629
101881927
21752
7074
106906779
1939
536517
106986740
4288
102217085
100421630
306444
102885747
103061235
106520557
102883973
104563212
4005
80380
7072
10076
261726
3956
1786
3845
103820587
64693
104461030
102353813
639
9760
5921
100079759
930
22632
100999794
105820791
1803
1029
10320
104295182
57531
100355556
27086
100421638
355
104840708
103122996
101124418
10482
7593
106994443
6839
101131708
20683
74213
5896
104064769
104139464
101914291
104619439
8562
105242089
102937785
101105923
834
29078
106847274
104073591
102261701
100034544
4094
104067587
3627
106546455
104328358
102761891
102059489
60533
102344169
9623
12043
104131168
104476028
6502
440
103267759
101411543
100936542
105519412
54790
6356
604
102203171
107213264
3600
106937928
102243024
102500733
920
5293
101569027
102068332
100223155
677684
3718
690575
106885734
31198
699511
107201452
487731
100524587
104950251
20303
100912115
16818
27004
2852
2531
100385732
100950232
30009
217615
3958
100155014
1124
101317230
101011726
103354493
745961
418491
105472738
4923
9275
7012
104542486
406942
1021
103585520
104657684
103240764
102823109
7157
101071335
4313
567
9274
102170463
100142659
102980632
6901
283149
5796
1026
1499
100421663
9159
2261
3567
27339
103353746
9994
102684046
12576
274
101979982
602
5588
104577168
7424
103016623
100288590
106034251
121504
3606
103925563
106977842
6957
5793
917
8678
2956
103771133
101960769
103803899
64062
102040520
4602
3558
105100959
9961
10023
104644146
107136135
102856394
220112
2242
101158650
107322765
104684195
5468
101610489
102894150
102570650
103029595
23411
7942
101280455
4790
5133
4791
102267761
105993613
101954893
100431618
104008787
3195
4609
100015064
56717
8569
3605
10344
795423
151636
5395
295077
55872
3146
101917139
21926
15903
101526247
16183
6364
107311604
102955456
3586
26586
104263886
16153
4049
8915
105464921
101154403
4436
16163
3596
3308
3821
103920307
7015
843
100338333
100219509
100767997
7276
16428
101002338
7704
101647656
7128
4253
101829762
4345
6886
105716956
102446695
100032275
102569703
104536544
105301274
102736196
26230
207
100346206
19418
23136
103297964
104280067
106737085
607
5924
7124
106893062
29851
102527012
3480
103398714
54971
121355
16168
103765373
104963587
102019737
26127
387066
100967869
2547
103736475
101365424
7297
473949
8626
1119
6967
105086777
101336971
4507
103039111
100974804
4311
24137
101159628
102987810
10013
104288753
5599
7422
925
102310738
27007
50615
101936219
4869
51347
6964
7409
3055
104412000
104862966
101131158
104128218
104919290
104842743
102519655
26993
3783750
104522948
89795
939
107098749
105880123
104145465
4851
3932
51170
101830242
50616
16196
104306239
105909253
23401
104388473
332
100917340
338198
5243
103289940
100756100
105077455
