
103896547
100868823
100700822
106750466
8129
104938292
27421
387281
102056585
101985652
100418413
5313
102928072
778547
3040
9646596
1604
106131265
102527294
2395
7442
1493
3044
422331
103018689
104250845
104359687
100794911
101401282
102770816
23705
102233674
101994073
10135
36278
6578576
105866147
103871701
101218346
7037
102609504
106470954
9370
2539
107067572
100389280
2056
101611330
102572847
106688250
105253454
107123232
3043
18994013
6711
102105378
19
100877734
102748493
593921
3039
101631206
18600036
20229076
101966556
104832709
546
104415356
104545788
1280894
1748
105623202
103968125
105673526
106489314
4879
106955734
106789925
2068
21407220
107045356
7487714
103617919
105647763
103571288
1116
100561913
102214911
105263285
911
106683917
105185666
105283278
17897693
101171430
56729
101918921
101433906
104135700
24922535
103471215
105694092
104739453
20218494
103395325
106647515
106415314
103062383
3135
102985367
3047
101846389
55692
104643143
103763074
106670416
101162138
105233357
103982759
104505682
1080
18044053
101459504
1544
107312762
2532
7941
103097941
8600
7015
10419
7137
103597067
105903970
51327
3077
101486163
104388381
104461339
101477639
5265
105197759
106156227
106787196
100715238
106612325
102514623
105932507
105278707
53335
100229394
100455265
103566452
103366314
104344815
105995236
104049928
106918103
105804599
102292956
100679538
102604570
3048
100379643
105715788
1378
6521
101533197
106624649
104602758
1158
102501231
106953831
977
5468
9653687
106057324
406948
106853696
107159286
3073
106867548
18774645
105222420
5994
103023812
103232231
6643238
106923642
105927762
8034773
103534201
101550601
104058218
105458618
106846920
104575400
100585955
104300158
6635958
170812
287
105095566
104323338
101406776
106516406
106551809
3934
6007
705735
100503605
100690413
450978
102062319
103920171
10767
102187036
104165480
6547031
106708659
101012492
105209831
103816341
100019492
3119
101066212
4602
1576
102497225
101944103
100466696
3050
101086543
105147602
2944
409083
5516488
20247705
100550346
106100427
3240
100952788
8235221
84506
101049515
100438527
105308888
1471
104945804
104492464
104619867
103391183
101873896
20211123
105596142
3049
4982
101672892
101645479
104150926
105065510
103512044
100208125
4217
6495951
105515616
171515
105026975
3045
102833483
29890
57817
103690008
22589
104081532
103135577
7421
105229541
4778
22882
103133971
578567
574411
104983710
8230638
102299766
103475723
106771923
100631939
4023
3717
105449648
13819
30061
101705766
102889312
9325769
102712392
103303647
104222704
3479
103178858
7124
106295119
105339136
101739643
102090799
103935701
30812
102401884
106517987
6602078
4524
9555
282617
5354
105558940
101117394
101148821
107284622
3145
101794479
449625
406992
104023183
105133891
103504893
107017879
2158
101246047
102121631
20207312
103570321
104028317
5577240
100650603
6608734
102019208
104375126
103720147
100985598
1277
104805785
102248976
3630
102946776
16077808
57045
104890458
6734066
100767383
104339095
568580
102950920
102346304
4204
22943
18444171
100657543
101762016
101348181
105530785
105211127
106603335
5889220
57492
105147379
9518
100075640
54658
102506452
106090979
514473
104554624
480963
105402664
103359147
104766822
105385227
5184
101489609
106567810
103274385
3046
20314523
10487
212
101889225
103775969
101811379
105253172
102219621
16452
100748640
106604099
3811
103451083
102206383
6530213
20227816
103318713
100358645
100909069
227358
101070685
103123688
1401
103211309
101296301
105426619
15126
103517312
105464243
105701641
102988312
104272226
847
102278282
7166
105043153
55132
106123502
105689213
106973549
100932148
1118
733229
71753
1356
103737832
105030030
84991
2623
105893199
100818409
6049080
106474618
2688
105135339
106895587
4693
7259
20195496
104755043
5922068
105366373
100380046
105427582
103434219
5919928
105670823
104521905
106346321
107087887
100835235
107068525
101454033
10661
102069875
4804891
103675817
101585992
18625600
103072705
103802341
23022
6560299
6708
103312841
102862968
100244360
910
106812495
2934
104682118
107101513
2160
105719614
101274950
102333694
104406556
22038
2952
100072678
101379075
107203842
102794659
104291478
104874331
105830802
105624969
102085722
837382
104089904
6898
103485842
102696573
24592432
104691616
323299
104481083
100286857
8232561
161882
106038563
246284
102044208
7036
5444
104919751
101830205
104943533
1571
102788363
7040
105826151
102451236
1442
102420492
8031271
102676583
103028388
106656248
406950
102369754
