105601275
101916576
102275159
105296845
564669
101982647
101553864
458656
104681984
101835259
102458868
103754876
103286967
104543196
102115974
6576
8218
106524337
103600302
104127218
9993
104406864
102575159
104490916
102835413
517045
103062785
102870156
102945314
104367220
102099332
65078
102088295
103742060
105877724
100223801
102528605
106031239
106822107
104634148
102993253
102692978
104020002
458955
104372968
104289203
103123281
104688618
101790100
55666
102029232
101135208
105935328
101943324
104158044
101868482
101379484
101035876
103772694
102046224
105106447
101692758
101284260
103398113
103912277
105543867
107089945
27886
103141336
5413
100730784
100459998
100586366
104327582
572216
103222990
103368911
106947317
104521611
106864839
101486178
100050796
18100
104309658
712399
103616097
103010378
486417
103183993
100960435
103669309
102256715
8026
107154725
104481619
102363732
101652915
100353881
100547080
102217430
102753325
421
101346804
104466823
104571686
101430700
395119
103536572
8220
102202926
8214
101819639
106922421
104840619
103081418
2812
85359
104618133
104388736
105014345
104325702
103540923
102493527
101567566
29799
100157919
105818864
448343
7290
6545
104270135
104054660
101156416
617453
101521493
106889200
102428514
100934417
104253466
104984952
104072273
103894876
106983602
105480716
102960662
2928
102730203
1312
529
21380
102371639
398929
3509923
101393271
107211542
100669604
103029873
103469742
102320545
64976
102305105
100773799
105718486
102925650
105997169
8854
102524198
103818088
105889992
104959341
101597463
100981959
103211962
13353
107321073
102403172
106486860
105070537
101070470
105602970
100038219
104353042
102069893
398186
1399
102039416
1714
107294357
100707460
103802845
101316042
486420
106585091
107109478
105524048
100464418
7122
102890085
101096767
104552826
101720743
104859841
103262084
104138856
6899
101021902
105408987
100412657
12929
283953
850793
4297
101960410
101621777
7082
104920978
