4221
25426
553532
4582
12576
29560
23844
706
17283
2719
4504
367
5105
2056
7148
25718
1493
1584
720
1590
5310
2099
9672
7058
6770
11816
81686
1499
24182
9232
55654
324
6390
18128
16001
2516
285
12297
8622
5443
1583
3043
11057
598
721
5447
6392
17390
16002
12577
5979
1956
6716
79798
5566
7852
7356
3481
332
24835
7421
2115
8839
3973
3106
7376
3291
5728
12387
3791
1028
673
8826
20423
5460
15251
1585
7057
999
4758
3643
26417
11516
22260
6696
3283
3480
3196
5241
5578
3623
21752
19713
17395
7015
150
6647
5573
1113
776
2100
1588
2239
1027
5743
1906
185
13866
3284
20750
7490
7124
9370
298947
595
16846
1385
3953
1589
26413
80781
51200
181
231
3486
412
6447
355
190
26038
2908
1636
1586
3952
5626
3762
26416
50940
116590
7157
24330
18787
7428
2778
1909
11607
110115
19
4318
84987
7422
7013
348
10062
3479
50689
2247
25778
3815
3360
