1565
387413
54414
363875
3991
367
5105
5645
326566
55384
100303355
14600
100302929
50557
5293
1493
191570
3414
1471
109527
2538
2099
7133
4846
7099
5657
11120
5968
2321
3111
3412
197
9826
326530
100303236
149233
3240
369170
27035
50943
3569
285
326562
3413
116547
369168
10560
54806
2739
2696
5265
2627
4938
56652
16971
29423
2244
3329
6513
276
326412
112400
3630
4009
257313
21355
326499
1548
407007
632
3135
169792
3615
384783
4323
101081334
25468
387082
5579
488
1728
387469
4314
2572
64519
2642
58813
6690
3791
50721
100303288
6402
90952
7010
24600
7018
299331
10911
5445
1240
4018
15251
8542
140803
91942
3643
255738
112359
3415
544471
3002
374291
9882
6425
12824
6647
23436
4040
11977
100036059
4925
25608
3162
1906
185
3172
100303715
335
117273
9370
4544
5428
100303005
8788
100034783
10392
20296
19132
24598
406913
5228
6279
80781
57061
6520
729230
1594
4576
155
4852
231
4041
7450
196743
2169
4567
16337
3405
3308
3123
7173
60423
1636
1586
15439
16591
100188782
11423
4722
2539
2740
100302928
15234
84027
2026
79689
105755951
326534
8682
617
5972
282617
4535
5997
4321
22416
6526
4137
18563
4724
2475
4879
5069
100303287
171136
338328
7952
6256
72674
6347
6462
3416
11450
3578
5327
11832
1080
4513
17319
109496
5054
2056
18609
29535
50701
18654
326537
3408
3402
369174
4539
1490
387391
294250
860
2303
2395
54250
7486
3683
9965
4728
58178
102552664
15558
948
16000
7226
183
107994
100132285
554338
23274
4812
1437
3039
3557
4541
20304
100303262
574489
24225
1991
83785
26291
54263
4575
3710
326411
5967
1356
27330
387460
2944
6648
15559
25732
3689
3164
114899
407012
326410
387463
7021
15368
241
4153
13198
1956
4538
326560
553
100303394
117072
6007
3667
1401
1071
11093
109535
655
7421
4760
100306875
6514
3586
3596
4521
7350
100303111
2052
4578
4577
4571
16542
63834
8639
8462
3593
3291
326413
22229
14972
4982
50964
444903
5325
326468
237038
24253
369171
8651
1191
947
2
63924
4524
387392
51129
2720
10628
3784
387396
80722
14415
23939
11920
3383
326459
100303122
406947
3636
22629
29850
3592
23175
100303261
2596
100303354
5360
6834
8742
3609
3566
18053
6469
326381
213
150
7168
3403
929
25139
64122
1576
24482
3159
112358
5743
2147
26762
24224
2820
4316
10549
24505
4705
387452
9563
16189
6555
2875
4566
22634
1557
2626
489
3091
16847
246775
387376
2678
1649
6348
3486
58191
3375
7139
4232
2997
20848
2693
361722
85253
338
30061
5140
3767
5068
4556
3816
2194
3303
326483
9021
177
14461
14527
16835
27202
7412
369188
6517
100303200
3553
24179
24820
3094
3407
19152
208
19
10587
7422
24310
1803
55586
109492
100303360
2932
8841
10019
3479
100303168
116519
4035
4065
12393
100303367
285335
13850
7474
109801
6678
100035948
56718
29376
8862
22943
7555
5080
2167
29397
406937
326482
369166
5078
18514
4835966
4312
720
403571
920
293897
24954
3654
2806
1352
4659
627
22421
2153
9451
2638
52
1361
5346
17295
2157
864
114815
20111
9807
1234
256297
4565
23576
79727
326382
79602
6283
2641
5802
96979
492299
408088
2805
59272
5565
100303243
117514
16002
4489
26060
116985
6401
21354
11634
19017
3595
7220
3087
7137
100
1030
4540
6833
8691
6928
2864
940
5742
5644
685
3382
3106
7352
16333
7448
24471
24252
24323
112361
116484
723897
55600
79239
1268
100303319
8074
5321
5728
133
3931
406881
11539
4973
544502
30939
64135
303398
4159
5290
18383
252995
24451
5320
100303242
18145
2819
309757
20787
5092
387380
567
291
2950
54822
59086
21748
6389
17702
326541
846
408089
81029
114897
407008
4704
7325
3684
207227
125
326533
9332
24599
387244
326466
3738
7092
24887
216
3651
3406
408087
10644
2837
303181
3119
3953
5444
78968
7916
6198
383
11330
18667
326564
408120
1559
207
23017
4572
387390
4638
3099
326512
9722
51083
2512
7466
868
4210
4000
137682
406936
6927
6464
369167
56029
151
7157
10468
4695
5106
105755952
4282
3115
114243
133522
233081
23564
23101
574506
26207
20416
9619
348
468
55829
2878
369172
31
4057
145264
3315
21786
74343
54302
3995
4353
79068
641
7364
3803
5611
6934
5770
238276
10279
2645
354
51561
56729
4514
387378
387377
8743
7097
68465
64008
8600
4256
6891
4543
551
4813
326539
154
326538
51738
16334
4508
4536
326559
11816
21926
387456
506
5617
10555
100302959
369038
24185
20657
16533
369165
5467
5446
5468
7839
1535
2688
5167
24337
2752
2533
4049
3043
395971
80216
7366
4558
54901
2132
105787
326540
68054
25664
3481
2660
6775
5087
100507436
24835
112362
1734
109525
326565
369164
10135
19016
4511
56999
23411
650
6515
7276
55967
8245
4317
407018
5641
6890
5506
14955
847
2920
406950
81722
5771
326380
3934
22339
24596
5313
7351
51094
14254
1374
4519
326464
369037
8660
3627
17762
64902
193034
5798
1585
57602
2876
3576
4512
222546
109526
5950
217
114856
100303057
4023
3146
351
2828631
7036
1029
100303263
109534
326513
7040
5295
375704
326535
25023
109533
55315
249
406935
25591
326563
823
194655
26191
57044
406919
5465
4322
3606
1355
7295
7124
3410
10
16846
29175
387464
3565
590
3559
369169
114700
169026
3990
10855
55908
9479
1950
10892
346171
80067
117071
7132
3117
326414
387243
26580
326409
3952
100302822
100303389
64805
11132
55572
5919
3074
6285
4929
387379
100303139
21803
10891
221458
326462
3077
2152
100271697
294239
4574
1116
326457
4318
2309
6352
2952
1277
50982
4595
6556
5799
3082
3490
5495302
2247
14528
246253
6387
25341
83810
