1565
12576
255061
51741
367
596
5741
1493
5747
399507
19228
2101
7345
25
1471
24770
2099
8842
14056
545156
4914
324
2624
12803
3569
11835
24873
2696
5594
7227
5697
3630
213527
5144
632
3135
2828237
18008
15874
5744
4684
4791
56636
12608
13856
1392
20583
3976
960
999
3643
26423
22260
2263
4883
196
6794
8648
22094
6647
16193
25608
3717
185
3172
9370
5428
3290
672
3570
20296
2034
26413
2494
1594
4852
15567
7173
4609
13489
4054
16591
20682
7428
25149
6013
6751
13982
13617
4137
22259
2475
2308
8644
3815
2691
6462
1080
5054
3624
2056
22346
18609
29535
18012
1490
59301
9962
218772
29702
16000
5595
3845
9429
9232
2104
1991
24225
26291
2516
14609
24504
6648
4585
15205
1956
7852
836
24498
64654
7421
4760
3586
396832
58991
12638
11609
9247
368
25022
217212
51129
14182
5460
14815
140586
4758
2260
64440
3280
6469
5449
51168
1576
3110
25635
1027
16322
5743
11303
4316
1591
24604
53349
6781
3126
54393
14652
3091
6532
13079
3486
6776
3375
3972
12096
5159
4233
12309
7422
24914
4851
3479
4221
6662
22943
20677
64324
18627
19226
128822
2305
9451
7166
192656
25690
56458
29123
4089
20528
13081
268
16002
2078
332
1030
2261
210198
7494
7114
8074
133
9510
20423
252995
1978
24241
18171
658
211323
10938
6659
15186
2950
5241
846
8091
5573
7039
9935
5618
21405
23615
3651
23118
3953
148738
5781
6198
18626
207
3600
2908
7466
13666
10320
14186
7067
2778
21898
4057
18508
768
79068
6934
8856
3092
27433
7097
14183
30581
57817
51738
796
4088
16973
3485
21887
19664
5176
24896
5468
378435
2688
2113
3170
76854
9365
8202
14607
1026
5328
3481
269
3880
5087
10135
8614
30585
25121
24817
3934
7068
192119
22339
26357
3627
9963
20869
5925
7057
26417
4160
5950
7415
6863
7036
1029
578
7040
7253
5295
14683
7078
2100
1588
3169
760
17869
7124
2064
19122
595
25054
30076
12759
25204
7048
374148
3952
2253
23886
11651
7433
21803
2737
12307
4288
2146
3640
10062
2692
2247
