24208
7201
24242
100129274
6347
29113
780915
3484
56729
10866
406990
4900
119391
70536
24718
51738
1493
399507
3118
100130480
392371
84015
2304
7099
10745
3625
226075
7200
6373
3127
55192
25716
4043
54665
24778
22045
54315
50943
24225
26291
1361
12355
8622
5443
81646
25569
24248
151188
16971
4843
81649
3630
20185
83839
55504
25404
7051
4520
7518
22022
1401
5144
18741
405753
1734
15402
100506697
3106
83817
51085
169792
6528
285834
10135
24674
26278
291527
2006
29499
387204
80018
3125
210
4283
1482
54422
21834
20502
116470
673
4982
25428
1735
7068
192119
18740
24596
7351
1081
301442
25125
18171
6772
3107
3627
22095
414379
574501
2492
3643
25386
5950
23461
59086
729816
7035
24536
7253
7080
213
7849
50506
5449
219578
5573
54244
22044
114904
25608
40
29131
214593
26191
24224
24887
25551
7038
225010
266600
6311
25128
7124
326
360854
192343
3119
5444
3565
4625
285423
21833
25400
5781
7056
16568
3126
21934
340481
3132
64356
25269
25012
80067
2934
10451
3486
5795
7139
21819
776120
3117
7173
3123
65986
7252
5626
3952
117059
389672
107585
7037
25416
24803
9611
116590
13370
24330
24804
51531
7067
100126336
2903
54323
24318
2778
8315
5972
389434
14073
3547
219557
4038
81812
7840
348
10019
100101246
23312
50689
3479
4035
145264
100130396
13371
12393
6906
2495
