767
18015
2591
6678
29376
6347
18033
6462
55553
11138
24260
22943
14634
13075
367
13654
329
5054
5741
9982
8600
53614
155871
154
55589
860
796
1471
12336
6422
7486
2099
7133
16416
4846
7099
2538
68910
16000
1499
29527
5595
21926
407040
19226
8111
9451
3554
501
197
11606
79158
497118
494334
57689
20354
3557
723879
2638
3240
1831
20778
100422910
3569
83785
16410
25467
100314053
3067
53949
958
11596
16331
7839
24873
2688
5443
633
2113
76854
9365
4049
2944
6648
15559
5594
3689
7471
254170
4153
348751
9350
25879
3481
836
122042
24498
60675
93759
1545
406991
23988
7421
207565
632
64388
3586
3106
109776
21943
7189
3605
19016
4323
8863
9056
216963
5243
22177
12638
14628
650
23411
55600
192199
1268
14283
406922
24694
171104
8074
3672
50650
22926
2488
10252
4982
220164
50964
5744
2690
18158
114876
7507
9394
2185
5906
3309
15201
10584
4524
5764
6772
79875
11555
8660
81736
1045
309757
22095
387151
620235
5027
10491
15251
675
11920
15978
960
3383
7057
13983
5025
280846
26417
6696
16414
217
5358
16171
55867
3480
1856
29887
351
57862
1269
117516
7040
7015
7253
4040
5734
2532
25797
1576
16193
24482
249
5351
2100
407042
1588
15900
14682
25715
293701
378803
3938
387210
6569
1278
20750
7124
9370
302
3290
3119
23314
9368
5444
3565
672
14229
14102
3953
13521
26413
19229
19206
18667
19701
8792
875
729230
1594
6532
110454
3600
4041
6776
157680
56934
3117
1636
1586
3952
961
18429
4000
14824
65266
79001
22417
2542
7367
56172
6424
1513
5919
85272
10312
234515
3552
7291
245000
1540
8572
21803
246
221981
3553
89780
13982
7857
4853
574506
50507
14744
6288
11669
4038
12309
428067
12876
2487
799
348
1277
3640
2952
2475
4879
1803
3479
7012
1543
3082
7442
6694
4057
182
232791
79068
3815
91445
887877
6611
