6513
11820
246744
353128
12259
8301
10243
10105
282010
780410
8867
3553
3552
10891
255738
10580
347
341
24653
348
51063
23408
51280
10060
406989
79245
1795
698770
4967
13548
102444598
7040
5468
7124
12064
203228
114475
5265
84867
10452
5300
102888829
4739
6653
83785
48
102040969
25742
590
2896
101005201
596
599
15925
284217
780912
101137786
103178476
100399890
55835
274
101290498
17380
2827
4552
3656
4550
102052189
140890
11689
3028
3749
101821118
1401
102402822
51118
3586
19015
2764
9846
102
4353
67169
25978
6198
119395
6507
6506
2048
21926
642
644
12061
80142
144195
338
335
334
100379571
333
2618
7345
10381
102190980
3290
5110
102284134
12568
857
2833
19052
22976
24596
2688
101371937
12333
83589
25902
7200
846
84570
27163
21803
3105
9746
77018
23435
7001
93759
13649
4915
1621
11538
1627
100507436
6750
232370
6754
8934
5819
13058
549935
51338
22883
269642
207165
3630
2947
222255
90865
130617
382056
353497
10728
69635
128434
22259
1191
18441
10935
12491
4311
618
406938
12494
4318
613
9445
64462
1816
4504
1889
2565
3700
15567
101914026
230904
984
4914
945
1471
1573
11651
2534
10062
23554
17762
875
9200
293653
114548
50487
102731288
8428
3416
22933
5743
102242706
64102
10659
11303
10347
5074
4223
25
15368
20
79865
116554
10763
5621
410
10664
10307
25825
100034057
101791857
1378
102107717
442907
100928719
10288
54209
4035
729230
1958
19060
9446
7314
3241
3569
4137
5599
12307
4482
65018
55755
5610
823
397713
8236106
2904
81532
5664
114774
100975191
407042
7133
7132
9019
58494
10972
29722
20192
1718
6667
83891
10257
186
101603370
101929191
406936
5967
2289
1139
581
8754
1137
4548
3156
4543
249
102524839
2274
14682
14433
11911
298566
5858
81618
51107
53942
29431
101284327
29433
1000
17002
2597
627
54103
102387066
140908
5580
311926
5663
6532
6531
177
18479
16438
17126
17127
2057
4535
54226
100126321
2
652
81822
3084
1508
1509
197
47396
2629
450086
7357
10013
8470
23237
6403
110446
6049
101356799
19
27032
7767
2752
2023
10718
101387938
102086670
10273
54664
6812
12669
6622
6620
1965
10087
1612
11240
322
323
320
100505832
51083
374188
325
397663
83464
4744
25800
207
27403
101926433
67749
3356
6868
55680
723925
3358
6863
80781
693175
29477
5443
7064
12766
5445
5444
7186
116459
2186
1269
1268
394924
101629938
1267
57447
26556
101078447
4572
3654
55937
2099
4908
14773
27390
4900
100188795
3127
101965730
540
29119
8650
57142
102814641
29979
2243
7391
1312
10059
9370
12
387134
8536
5428
90637
56928
7447
84027
1827
123041
4879
929
6311
282705
839
457790
6315
1384
1385
1386
2796
2066
4973
3949
739740
65078
17161
64206
26414
58157
101113776
26419
102068930
8320
23268
9910
4129
4128
836
834
22990
490
3576
83817
3479
101538877
7432
653308
7534
2668
12918
19211
140741
102572042
6573
721
2932
19217
5327
23411
23410
7024
2903
5328
100427716
64851
1728
101584096
13665
5243
16159
5870
5978
100223971
689415
13030
7051
18053
5321
448208
473931
680816
116444
3162
259266
7097
490382
7157
407024
57019
407021
235623
2567
7099
83683
79068
11421
27328
20867
4666
9131
4277
468
23526
101081693
1352
79648
23646
4440
16835
18126
100008886
170731
1869
120892
5655
5653
5650
4684
101521444
4831
4830
4524
2891
2890
2892
1103
1453
5524
2100
1511
9817
26047
783
303617
801
101931945
100379224
100172138
2739
12569
8564
5058
6505
27185
20655
5052
6999
1814
100188838
6625
102854216
287155
5873
68404
100188830
22950
100188837
101693386
4846
4843
3915
284612
101051940
14645
100596029
23821
23988
11555
683
4790
29340
21413
100660389
100359403
8081
76815
1978
1977
1600
27295
356
355
351
403408
403407
8851
22218
358
12921
55851
208117
94217
100232599
122786
760
1785
56637
43
12774
101660961
12772
14265
5274
347731
102427086
7052
6647
6642
1071
321
18222
65052
283
64714
286
310738
7804
8639
4139
8743
3482
8633
672
3486
25453
10418
2550
24383
387338
20203
149233
24387
57608
29904
285672
8878
10048
67414
2475
4898
983
50873
5604
5602
8522
7879
9997
606496
1859
56938
4803
4804
5566
16867
6515
6043987
2170
11603
9546
338645
11609
8941
100343671
59109
3953
3952
54541
1588
14824
307
170826
10787
102772354
5126
1938
5122
19164
19165
7276
51378
22861
24681
7376
18412
2670
23385
7422
7421
170930
54822
3458
6855
108068
100188754
103178605
3360
18211
9261
18212
22139
20610
7018
7019
2566
11315
2776
1636
4741
26330
856765
10858
11816
56351
5867
25416
2908
3606
3605
63974
7415
64137
25419
3178
116590
3075
3077
25797
280722
1026
1020
101835004
102117766
7166
7167
7067
56203
2353
100958952
1743
4361
156
9455
100054506
79651
5446
5649
5521
100303453
5641
100076299
102516800
959
958
114815
101879257
79255
6347
4512
4513
14419
102490523
8043238
268977
9429
226548
81847
8678
1565
6189
20817
5163
100009546
64312
12802
5730
23627
100271718
20660
23621
6546
56941
19122
8997
255022
1808
70536
7465
101981622
16866
4851
50937
