1114
106819281
101704364
105003662
102447703
73463
101871054
57528
102961974
10242
102860518
609039
5562
101013137
100137642
106181007
102212618
106599121
10059
104397376
101051795
104926237
5820
19017
7306
283383
4000
155061
5746
106569972
811
26570
102497276
105439917
93759
104477185
102071819
103275833
105535413
105535415
151254
3990
105517461
2912
101989229
100601883
105517467
100197960
105517469
100187063
106594817
57473
105712772
74018
100203547
7124
105843659
203228
106492450
6751568
100077446
101288698
79139
101285508
20236554
57724
106582553
102540964
105850362
16176
5868
84230
106987993
102770751
106161284
17000
101349378
100888495
100889959
103192972
3680
79885
6595
101241169
105850359
105440834
100494057
103217639
102272315
3084
8604
106992688
753914
104382109
381259
6382
102502263
56832
102879687
101927960
103360026
105856960
80208
101949616
106895241
103169516
100350739
746584
105298170
57172
496480
3480
104150166
15511
101963370
104539230
103560133
4217
100694505
64420
2893843
101278761
11820
7019
9520
227154
101464428
101235482
105712858
306
105905988
58538
102567207
9487
101322941
104
105845235
406238
7133
7701
25978
400750
60431
104130475
6506
6505
6753148
23064
1536
3091
104077403
20423
23063
103473859
12125
100185158
103169349
23327
151194
65059
5501508
7132
101393886
130540
104540873
102922226
105007017
103773140
25151
105981802
10000
703263
3297
101518432
104058314
101641816
51024
105098977
107078844
106873290
103923568
2733
105843683
104348667
555728
707941
2688
105324130
7415
102880373
2687
102513614
100066529
105003659
5501100
4608
55277
105846385
32617
380684
103775947
104830150
104493630
4773
23435
104857564
26287
101576663
174785
104571902
57142
100759628
104041995
105844834
102500999
853708
101919030
101056017
348
37781
201161
6754
100963906
8934
580252
5792
100066598
102975558
104411796
8837
2911
107078836
501147
101794599
25402
20595
106030087
281572
100220393
100088146
103192085
7376
106492350
100563688
729230
3066
3065
3064
105329783
14362
105027626
105402060
105326080
105849232
2346
7078
100434730
7074
103814502
230908
106574610
7425
100931319
102863792
316413
316412
101139508
104036947
63826
55437
100946478
100890916
100768109
142
101054148
102880113
1270
23503
1456
406933
84271
491
101382282
100541821
7208304
102246062
101235563
102575474
3700
12122
201266
105323111
101625905
105984643
103147834
105856933
764115
104571907
6916
124842
104074159
101237388
549764
106978279
1356
103549213
101520466
72823
104039828
102733734
107138609
23025
102856739
104856709
66008
100925258
9369
747331
241066
5502807
105336134
22933
702140
104518065
40410
105580049
10342
100981213
5077
763009
105580041
104324345
100183549
102043772
104832781
20511
103530405
146057
56899
56951
5621
102948020
459880
152330
102834937
103659743
643387
23299
102273456
459889
9682
100511840
105901774
105003835
105099188
102770825
102277431
14812
100874137
70375
84630
105849654
69253
10280
23872
104693784
104949929
103659763
105850148
105006204
102233500
3562
9904
102916588
102456896
14811
101913153
8878
101422995
16010
9131
100690650
4137
102092721
5300
101865203
103800463
65018
102351944
824
18412
823
6533
102833765
7232857
103111224
101678906
102782843
101022015
3487
104334219
100626864
102350443
4313
1593
22408
100964847
20296
1489
106569977
102473702
101679702
10971
105845798
7015
103217672
103176840
30945
104457961
100538735
106807016
4318
106586255
100130298
27148
120892
58483
283131
103192965
108812
13010
101480076
105818968
57265
348645
101989517
1136
100927340
17874
593285
459875
587907
56241
459878
271697
101108809
105845929
114798
106512557
1432
79754
114907
389599
103542482
102990108
2056
123606
18024
11758
501146
3709
100482925
104545688
100895111
105848434
79054
102733635
105468102
10908
21944
103612092
3596
105847827
9241
101390563
5034
106824065
106456835
100177947
102541213
147463
25293
104144011
104010200
100949848
102274317
104130506
105849646
130026
100662724
6285
103362832
7494
102524680
103192182
1501
101013507
26039
55734
106813738
3033
103814723
100019560
658
100349235
101086246
9331
5502463
101346138
101390315
19267039
102393904
105850548
9628
100497061
6036
100870277
10013
22808
72750
105846492
100066689
105580037
94160
103591550
100888931
269254
106823484
27035
20250039
102441881
449637
22339
102136344
3082
100442617
104495549
104671867
4131
101615134
105984556
103271755
101842688
101342332
105818904
103271759
101039556
3908
3909
83594
5216
5214
104857570
104265996
105849738
116444
83698
103047144
6622
9759
102920181
3236
1616
9217
105082284
301446
6236
403559
9896
1471
101822470
103088433
55669
101627292
107078823
328
103538549
103104151
1464
104861332
101391647
100717435
2878
779
105848567
102046584
11727
298648
7076
100564084
12044
171086
836
100717157
106492433
105849910
102357517
106168636
104168417
104461828
105298107
105984483
21926
8239237
102513848
101678607
5445
535750
101321015
100398001
23821
101241125
682
102380634
1143
101430219
100494660
102878435
72145
100659508
3488
214
3479
101097333
101624454
104058288
103565683
7208251
102369528
102086321
100179154
103005494
101813166
101435009
233908
2521
100212630
105446864
2950
85462
106946152
100066250
101566251
704415
102807170
103217647
547
106030102
101844547
106978267
29110
102172771
29978
100196841
3486
298696
6402
102395114
1137
103290614
101520626
103290616
105844446
101520143
387820
100205479
102882752
8047209
5502814
103736028
22920
100002197
101664218
105082334
367
106815009
104028710
4233
100228070
101288188
12364
105712872
102333415
7447
100018321
100436721
6566
470613
100475382
6310
6311
4978
100890866
105468284
4976
29659
2066
574096
3948
102086135
220988
150864
643339
101684473
100226140
1994
316
65072
3276
101363756
104693790
102204999
1649
9654
101544120
103273371
103273370
53623
20501
100627358
103616512
105437646
104483740
3475
13142
104550198
101040861
24587
102931272
100562313
54209
424083
101698991
103290529
104407639
101966770
103389602
9782
102519098
106572487
103808982
100979266
101384939
16561
22240
424084
424085
8235013
102762596
2022
105517401
101125641
103466609
8024886
424088
106552431
316432
10544
104510105
102507991
23411
10540
22418
5321
102301224
103601878
103764207
102059164
84808
102067245
103738683
100067504
103738681
100368365
106843143
100177403
51185
105340923
5243
702262
101713840
363236
363235
7020
55140
51218
101625680
10867
18391
103007919
105850732
116903
18125
101326177
104377869
105443328
728586
106175477
579416
104512571
106806679
102175813
8291710
102444315
3001
103741649
17361830
101107577
253
104010261
255
19052
101109592
100759917
101330628
140733
104258287
288
7157
26986
57679
51542
106181115
102273741
101988954
102329233
23114
100584414
6683
103111216
101381992
23523
54586
89866
140919
105787
57410
100210608
105468090
101169837
102506577
18126
102930394
105468098
7222811
784225
6487
102308815
100175453
12741
2897
102170830
2891
2890
2893
2892
101966486
6195
103597789
100225181
1103
104617075
103903451
100303453
101933263
5444
15499
101698373
104527845
11516
106816733
100625172
8148
100724120
5241
20630
102563992
9619
102172013
17748
100701671
9181
101236525
27185
20655
103923520
389124
406989
101009011
5514538
21872
104653580
102016967
406983
9817
106823496
19132
106602039
2741
105843534
2035
101792628
4848
3181
106550381
170719
102835680
103659947
103609360
100197757
7857
4842
105003672
3915
70827
106855080
105334124
105936513
105850599
100161061
100478476
102989704
56491
100213006
5514509
9764
16852
6631
7296
100594053
100397275
4790
114795
106068106
106601995
103149408
101824421
6347
285311
19299
103078628
105082293
400916
1602
105082296
4015
12048
356
355
104382781
351
18439
18438
616081
101112293
100982876
100763641
105847166
102566519
103111246
103111247
120114
16765
779575
100713147
7113
55697
101638362
101935961
1610
12772
102250168
102380796
92949
105844154
101432097
83636
2321
6648
689253
641449
103046170
51062
102088549
6647
107138362
1778
4854
100433230
856856
140578
20235802
13198
100028666
283
107126939
101879524
105401993
12914
104613814
24786
105818941
23072
102021407
29979
102960944
614932
103022915
106569957
12367
102433307
17390
5516971
17395
14580
585433
104169241
577833
171024
557237
102741182
25897
509072
104296649
101287430
101567971
2395
16000
103217652
102102992
2254
102109822
100856109
100348735
102118970
103560129
105847232
4891
3002
5157
106809572
104291044
100481919
7219946
101806055
105580063
100657224
27063
105846791
15507
101542098
11037
101094869
100288911
100928098
79800
100763363
7515
101850820
104629653
100404419
102259318
387202
105442448
488474
733799
104265534
103764286
84280
10133
102033193
65065
65062
2202
101614277
65061
102771118
104397380
105028398
103186700
5125
767612
105819468
106153081
101542368
843
7277
841
105098965
105098962
30820
105535420
644462
53335
10891
7423
7422
106812107
104555662
54822
3458
104368368
100924565
101546420
424090
102253844
68815
11798
103067692
117583
103011492
100345931
102003414
237038
103290540
6606
6607
101177725
103176861
2896
102326991
105444314
9218
557014
105184962
106168368
103080551
1639
18260
4747
4744
103903445
8821
9973
102960190
84618
105846491
131034
105850575
105848609
100988599
284085
102447957
5512865
515467
3605
60491
29718
103024024
101561464
29482
3178
701657
6885
64283
100178657
3077
104320379
116984
105856950
104340487
105856952
7139
104290996
1020
102414005
105844598
66961
259173
105298126
447898
105298120
100177484
104150157
3422
67134
100180411
56208
105843760
107122420
103609694
114027
105845515
104334238
102371367
107168617
780381
103067234
101612545
729967
106810784
5446
102419549
5648
54664
100488577
105712883
18033
102021457
3737
101615416
91734
641516
104868118
101086495
105580042
57556
959
5937
106928295
7226
57497
101638994
101144409
104266143
105756387
40
104366552
30878
101316231
1113
102724102
104270908
442906
105019957
81849
103597791
104633393
647024
102439695
129831
101708820
401145
417170
84591
101987821
7253380
677725
8239552
100176832
286749
23199
12801
101928694
11315
478877
395938
478872
101931614
15469
1804
101960625
10562
100178578
101849891
19122
5630
104298947
1809
5585
105535452
100880676
102540719
100318899
6332
50930
106817031
104655524
104655521
103659750
