1268
3713
19712
56637
6667
3320
12709
135
15114
29219
3040
6874
56812
19017
3553
7052
7053
10891
6647
5621
13653
13489
13488
2019
10814
28964
56083
22187
7051
246744
10059
10197
110616
110651
25453
1491
1956
3337
7040
20511
29993
12064
203228
15194
105444274
51166
14281
18753
5610
4133
22342
6755808
1822
56731
2145
6311
6314
1410
1385
1386
55660
20683
10609939
461084
2903
5158
2475
2904
8602
9096
9097
317
17966
101890823
19878
6457
3208
20111
118
3300
6908
2309
4129
5071
836
834
4043
5566
3479
627191
4487
13382
4968
2261
7884
2668
18619
243983
60335
3952
14810
2932
479074
23411
9001
406972
10227
3315
5122
646658
26993
20187
1387
7276
841
5578
6506
3014
18412
3092
6767
5978
7422
105262005
24790
9555
29430
16520
2597
627
23551
9240
55081
4436
4636
9322
5126
7157
29515
10609949
3690
12723
7266
493287
51738
23390
16001
7415
69718
29424
26914
5860
10609944
253430
639
545
10609950
10609951
29482
23647
1861
10609940
23435
24225
9026
6259
8263
458076
2898
348
4524
5710
8564
22339
55893
39450
15499
384783
152
10235
106083265
10609948
2868
10609946
10609945
54476
10609943
10609942
10609941
387191
5216
3060
6895
3425
3064
171099
6622
33418
192683
79250
18747
1816
12934
1813
689593
27065
21816
9897
29072
852179
8023795
101065600
22895
16518
64130
406938
53369
207
1270
4319
57338
407004
54614
56484
25369
7942
12801
793
10609947
23984
176224
9869
2332
73916
3119
84359
1132
422878
8997
2237
1808
472
7468
25764
100192455
GeneID
