734963
101521121
3920
102348258
1460
106853219
11540
1268
105069831
12259
8301
29219
100665442
104995881
106844319
8867
100422296
3553
102699182
6775094
21402
22260
347
100949675
103762023
348
104568192
102383069
713
1621
58861
101826467
101284944
444724
1620
100147623
80834
7124
12064
203228
105549344
101357070
5309
4294
101706265
4734
102045424
5300
103800910
4739
104064487
104046088
105339264
102484448
6720
101999251
479595
101970319
100083988
395277
4524
309110
102886074
102503658
6387
2829
4558
15107
3208
106921853
104524132
104373514
4029
581
106463258
40336
104963216
102295830
101329025
102099775
64357
101585890
103363165
65114
3586
406881
104008922
105413582
9842
14775
103260864
5428
101810988
406973
59076
25897
3925520
102046650
25978
104269228
100922764
106062768
171045
21926
100752248
105816538
84894
102092024
335
66725
101868399
24560
7345
107156912
102427322
105719862
610760
106893838
103774886
8028535
103537369
7416
101340669
13798
24599
100941643
341
18212
102084040
103004755
101393677
100352938
101045862
7008
746063
23435
1020
105328547
26281
842
106824969
107097848
4170
101558451
100511802
1996
29244
24842
8934
100657413
103124038
102809328
100030192
5816
2861
25402
100052123
105297663
102877243
103204154
107108653
56717
103174877
102361342
2944
101052951
102227669
103604008
57805
51106
104322432
102112820
5925
620544
399179
2941
100148360
10934
101536129
548568
104494813
102069557
2674
100286560
142
79780
9446
104682332
712
18024
103055741
3700
100911365
22166
101643079
14763
101565275
103542017
102210620
104458823
102980159
364583
83722
22926
1571
100589757
101394108
683
103751087
1305
101929655
2717
293653
23208
449674
57320
102746230
104020530
3416
5741
22933
135
5072
5071
101082778
5074
106561831
1830
6571
24414
103466521
5580
105227085
6477
5621
12177
100073203
101065925
23113
103924749
102105199
100418222
677662
4544
100465415
101869944
101557307
105999800
101119489
729230
25496
100969783
14062
101999783
103671096
103375982
103773190
7314
100010357
780404
4137
103539574
4487
102193720
27347
65018
100855533
740015
100464462
2903
104299821
7018
102923284
102172812
101911599
4314
101639304
107114949
102402087
3308
106857711
407042
407041
7132
7137
104919346
2308
4729
55230
103019344
101546456
2288
1139
68943
100597974
2280
107087537
106547460
101810201
1137
104168350
4541
4540
4543
100664838
574034
101626308
101029277
101446777
26994
101078161
104493065
150726
407030
105908352
54106
2066
6285
79056
158038
105580915
64342
627
637
406960
5034
70086
9532
5663
103030353
6532
6530
6531
101700770
101135675
103198423
4535
104046350
4537
4948
102503983
4508
101819884
650
101920065
104474940
100179358
104082421
103250663
2624
104366236
2629
104132789
11539
7351
214084
13807
102576304
9627
7332
106464493
101098228
12
101796091
12475
105071005
84749
102263235
103141291
102470939
4839899
105105438
107155537
25085
106869176
155061
106534890
105413158
885
293897
102447897
19324
574402
105029680
100717781
100724550
6622
6623
6620
103302544
102852601
103181420
102910749
103295298
64127
100699269
84423
3976
100978701
117287
103058700
351
7503
104385145
101864196
104657558
22062
831
3351
836
38974
101393342
103385637
2332
105503201
57704
102872804
31607
5444
100204024
17261
30538
104330203
51142
51886
100559435
105886089
104060532
16476
511268
100073498
100888150
3077
104341334
101603766
101343741
5015
4571
14573
100447504
4576
56816
24494
102441466
14708
102043879
2521
102041013
3122
102859592
100965001
102294422
106887166
101275264
8653
79705
102288078
101952912
101865893
104401750
1312
10059
103760003
200008
4885
104252198
105479272
126
7965
101683731
342125
9829
423020
103894680
20164590
554251
338442
84027
4879
550328
102315555
6311
7533
140942
6315
1386
101974788
23461
10533
101932133
55737
9097
4217
26413
102177646
26417
100709464
101440790
104252279
4129
104071164
101092868
4287
2828223
101380867
8880
105904234
100543771
13382
102243880
365828
100390242
103380268
105998578
733673
2668
102543412
104534949
102788149
101638353
2932
23988
105106986
102959550
7027
100190506
27429
3313
3312
64216
103082032
100219151
104639874
5243
5979
213350
103040932
112476
102221137
100221229
104360590
102182766
30304
11098
7054
102134446
689000
116442
7097
106809822
102067017
100552437
407021
18753
104285607
104628373
29424
105215831
2580
7299
513454
1356
102095711
104375821
18126
1869
120892
21780
106513834
2896
4835
25248
104395505
103666687
6192
2100
11739
102774693
103225666
104141503
105509145
20655
103543445
1981
101102104
102810844
101385500
1814
1815
103125752
1813
103820830
6414
101464488
102816616
100172433
18227
101621619
2747
9
105824910
7473
4842
4843
170534
102048210
105494153
101672628
100995198
101794503
106982200
103616139
100923337
131450
102387834
104345651
4790
23358
1609
100359403
4157
9709
78309
101009815
355
14898844
950
102930935
104922339
708377
104693267
216
103925102
105731776
4565
103621062
104551675
117549
101611476
3320
20273
10211
102047230
101158270
104030308
103464454
101326475
104873586
406896
6647
1113
57731
105540728
101325919
104462771
27161
101877546
283
14911828
101835303
3763
100403728
25453
100544576
103561708
4567
4566
104945741
25459
25516
14580
22848
101019084
6014
101689578
104504573
104859321
854466
104486959
8878
101404706
406895
104316236
100422232
105928121
3569
441549
14466
101375950
102007700
50873
105874045
4209
102075254
104631230
20750
116638
59269
6908
101723322
16784
102131796
3162
101286051
1855
5562
254428
106496706
530858
55486
100057832
103725143
102884675
101145240
26876
100759195
100686975
76854
100633945
3269
100032502
112755
23317
347862
101627445
102736700
104830445
104504662
106047231
51422
101448769
7422
7421
101940276
421577
741350
102763971
3658
18213
100434691
20617
9037
23400
7019
6609
74747
105939276
1739
4061
105577214
1636
720833
1639
102397062
27074
106831150
5861
4891
101478127
3606
12366
101825108
29480
103233153
103822287
100212312
24225
2950
2952
25793
612316
1482
7161
102281420
56652
19225
102693127
103902623
30269
6697
6696
2354
104992818
102565894
100413204
101993464
57019
9456
104684625
100551640
104277482
100486045
100590226
102003027
101575205
102524861
104551510
7133
4691
101957219
104535259
3479
6347
102011863
4929
100049299
104528005
26058
104627143
103609572
104131374
148979
104139061
1565
10
106955825
8398
105017254
102460414
102954700
102841796
101796524
106172135
100723185
101113503
11315
102931757
12367
105305958
306417
79832
4580
6334
103078598
GeneID
14896921
104829824
104163258
106047079
100475637
104309898
