19240880
106731546
23515483
3921
100691249
19257879
105535948
100158502
103814814
348
103580197
8500920
4396192
2891934
26244824
11507895
25772677
104161957
10963
2316
6095770
853334
140546
6096384
105027954
102211054
103595532
103595531
182458
105830013
9594282
26396
105896998
106168891
2263
5450923
9671554
100595967
105690956
7321834
24821344
84126
105694435
20347922
101521014
21926
57506
18736411
9667236
105681388
106693311
3293295
101982825
855998
3513631
9671392
655838
103575778
24094486
106749760
106788281
101677643
2894036
6902935
5971356
106173184
105538705
176683
6102307
102102726
101148951
469871
19278480
9803503
104850542
104850543
19263959
102870039
4987792
10523036
103148643
103578470
105191622
105215861
19150569
12946
105675496
104568469
1191
101959490
19905653
20257
7072
106576095
216799
5429505
19242017
19110414
25283552
14527107
2875203
103736406
100651187
8766
444620
104554492
102296340
14790857
106609245
102348019
101899755
100217337
20229343
188181
101982534
19336574
107031040
19236494
103265236
5621
11513633
23295
102903623
4003581
103313513
4035
764422
106959083
19149780
181801
100596701
7528
107007628
101827287
105101455
19197243
10971
103211271
103211272
102919723
105300403
6589835
19973350
101656352
101318154
105682980
20164574
9087252
105432382
25317174
105432380
18744629
19973870
103280486
18737220
103288681
182449
7220292
855725
106694213
25777600
102128876
100728202
103773023
18632698
25840578
19234876
2744631
20705120
105462050
100589235
2886572
26272564
24516105
104331273
25310927
11977
850914
6192775
2680029
103078120
9627
106118244
19341795
101846093
101039770
100756117
14527735
851752
106847681
101612634
9816012
1965
101993127
102891168
19117802
112238
3505255
1114
112231
103629289
14526510
104021539
9229103
101541333
10029771
103574237
25779460
104516205
7322166
19242334
101286981
100538706
101471519
101710391
10520645
106522654
104352493
102357131
26395
105333007
29113
103534750
9690636
6100237
100302330
103750994
855224
104956567
5488629
104951619
100671000
1380
102859525
19979092
102032360
177924
102664314
3329
6532617
8442685
4700113
102442896
100459368
9258
105568023
367
102412748
103151154
100893142
105101461
23568344
100473044
19175169
101403593
102769671
101574925
102169975
16402
105380236
7210589
191335
106035988
191332
102
13444437
19323580
19245760
5976940
181630
103064789
8293690
25310759
102088986
25794866
101292120
106712571
104553777
3688
19900274
183891
4520
396452
102518771
106592091
106693113
20359857
854448
20656
20655
19131107
9672623
22897462
853489
176193
8206799
19236818
104547793
101317870
9670196
14528277
106847692
25408786
26257873
100049065
179291
15077328
18439
3635351
19970746
851521
25292136
102885740
5998515
187728
100927381
19132382
19132381
100670716
107021527
9184196
20704530
8049443
18256388
101900621
103077845
25399374
175759
111368
25790800
5988935
25273118
101024597
102127229
25407906
2893877
851259
105220720
101700959
100965531
107063717
2897486
100473297
19265919
855524
19227055
100370089
503702
100254333
101620637
19973070
18258044
105941536
19349
101580391
106095671
102990057
25414888
9813593
6189691
100450940
22878063
4393575
105481568
19164384
102681910
105481567
105981448
19233973
6098828
100340654
25298237
485783
172187
12028
105569165
8100877
458076
20704182
103044763
23568489
4983560
100866159
12333
20369855
8050189
23559977
106153900
20867
7320971
9801799
103271450
105324199
173800
101834786
106303291
4397351
20364085
105169118
14784
106693126
100959325
19285180
10940
10371
26239136
661404
18823733
20036319
11820
105598975
105471377
103873324
8045959
9770
100714701
25776856
102278653
5982027
232345
103568697
103574897
855092
19471298
101039446
11510185
9816695
26156902
20284
5265
103390034
79033
2539479
106593205
778022
568661
399833
105026657
850424
103505511
100931217
102126856
106060089
13058
101616136
19030691
102478990
14810
105319447
13051
174366
106009114
19195281
101711481
20319517
103245973
540516
4985749
102997471
103313899
20644517
104842293
106068473
105259555
2744944
25477509
11521084
11341
101797043
105184811
105184813
24405415
102000498
105535987
9224883
5703530
25791290
8099183
19230898
107042570
25796245
106538971
7898940
103504580
8859432
101682406
100347890
3874132
20162083
103580227
103253044
25150
103253046
101047002
851119
105335215
6104313
19897869
18803206
173600
101483385
105253968
100555559
9530959
10514677
19122519
105253967
106985913
106912529
106809609
386702
101620868
103104809
173743
104828882
9625174
101087310
9802471
2534
17762
101012637
107041189
25255947
102399681
103822732
18171367
3647808
185539
102478560
102943321
20524982
18764656
54209
101286552
25798465
8506832
12389
850633
104677648
105233806
7028417
100863261
2868987
23551577
102518535
100986348
3308
20296
9096949
8304736
105938693
102818175
26248782
456704
18483654
103881448
101370976
172210
18260441
102134292
100927989
19470325
102278930
25781342
106383394
19163966
106678852
102964849
100429155
100009336
105263944
5664
656238
25273861
2
22632
174955
105559414
24483384
19268730
102247570
3119
12475
443194
26272807
102313239
9097230
14400
102690852
11487
104643936
103736407
9188231
29108
11240
26238300
424579
105066928
101348533
102897389
11524204
9672121
102069309
12043
9686189
102008218
9533635
9677463
183974
485782
101970942
9669235
18481657
5935
103397784
GeneID
853037
100867171
101814306
100706310
2676073
100340524
20342746
107011934
3635228
11512928
102374683
102210358
106871192
23560773
102170246
3862119
84026
16971
105185721
105835124
188802
5428479
101087569
20825403
106980192
106089804
12266
102729876
3509604
9225452
104415219
102007336
26626503
101811687
4287
4388584
836
170812
101854269
9671274
3502229
6196039
102991162
176729
19125229
19170026
103369924
105459366
106585069
19238884
106659765
102087868
20702136
3659418
106119003
24413434
781
100395010
9530776
106611238
172398
103568782
242667
8315958
25487255
20702620
100762506
20366680
7157
17967
18168728
101932649
100959014
103440423
104394342
19028492
25976335
23645
19243918
105981691
104961335
106925503
100302069
5517440
4702132
15499
398272
5989502
13440559
101921898
102903324
25978578
25777799
26270597
19198031
106444627
101393406
143279
14693771
14692823
103571702
100984581
2682742
102606156
22911121
102389506
172402
102524686
4790
104282033
101063577
25787141
9678987
852064
19240359
104680849
106052279
19136075
105333911
210
9676107
9519281
103364308
102337573
20352243
10527325
22885555
16160
16163
18042431
106172094
19035774
100785986
101156501
4733183
5969553
852806
20181840
854622
20612
20617
20614
103021028
105663483
16412
19182317
100441695
16785
4315594
102101927
12259
100925827
105598980
19463866
25789375
745328
26257836
102567834
18258404
102460857
101521258
107152884
6105735
11927
9227425
18473801
25367709
4388719
5441196
54226
179656
25328677
106862887
19243450
102992228
20361933
22584277
178294
21843
20359343
9811495
101061144
103182785
9537756
106705443
25984526
103572723
103369864
25797320
5340
1020
2899769
19465291
479493
226098
103390469
25307841
19238437
18030
18033
100875487
20353696
266819
101744706
180734
23778190
1113
25991238
105298589
102891407
101447758
106852850
6103383
17264056
23743
103169894
105262747
171728
105014319
103586610
104924285
100499575
102320193
19026861
103573008
18809817
19325960
19145347
25776412
12985118
106175737
149830
106889958
25794547
106175738
104859406
104401600
6349774
103572286
103572284
4783
104130355
101575712
25283276
106915142
854980
8313274
105866133
101758007
5999863
103571400
177369
105899587
103306696
103571398
103571399
25381088
105216092
106980154
25415263
13394847
19953570
104659270
101581083
103575870
103575873
23552095
24832
11509978
103575876
6099959
6099958
18758161
4550
100735216
25783387
177165
102295837
20826738
106137891
854168
8864
106067379
103568943
25729353
103568944
853743
2674561
176411
25792659
10810863
103387346
107108354
106693769
26272457
105313931
2540026
104499804
100008658
100762792
19166202
104921552
4395833
3297
313535
857
19276499
102779274
10374835
26273183
102729569
10031323
12336
14694803
25307389
20524776
189086
20345739
493886
493887
101135304
100048937
103807137
19167131
10247
25281258
103369789
475384
718908
26259315
100086593
25280027
17876768
3060
20350244
4319225
3064
14360
100692612
19906572
5439139
104923182
19237151
101984742
182836
19242159
103246993
25270690
182830
25843727
20341388
101348784
19889936
19190358
14695684
245607
3876738
1471
2910700
3337
103078868
8313641
25780069
5743
103247014
494014
11303
155030
102769375
103580868
105354694
103580867
181506
106764902
24096376
24487251
104674584
19040555
739923
107160220
104674583
19972706
103577349
103577348
103427684
101800990
100006310
4133
4137
616266
19273695
103861590
23548030
23559030
9663660
103575880
6667
23555531
26246158
7276
3878871
190869
100028168
187826
17237
101577537
103575864
25330558
105460973
6346510
101436201
102348289
10029924
100350660
101169967
17304
1604
855647
25773325
21947
106114206
717859
140908
102750768
4395222
106543634
16153
854372
6288
173410
25560957
9801236
106102220
101736544
9828490
6192251
190711
104077877
850984
103122637
10031334
3293219
100982888
10495
9044460
105806195
105806197
101822974
104377275
19195020
19247119
854192
9671333
19138358
80315
20305891
20825361
351
773
106075056
106075058
19114549
25788404
103145849
13449715
19463772
19194469
103725843
19259608
10516163
105685797
2768981
9182527
18742020
19269390
20349570
106125189
7243687
7243686
103245980
103266639
100266900
66871
11524081
106944802
9535029
8295339
5243
100136432
105996961
19181738
20654935
101972742
101829062
101259714
106580475
177412
50767
228607
25780384
9665919
103128661
174861
102848569
13288343
101901284
102247281
20353259
8294338
102848166
107139756
299858
19945163
19108842
281427
281426
117009
117008
23552764
117007
117006
4055
102990340
16159
103041094
190871
190872
103580631
103580630
326186
25791359
100173712
18748423
19240035
2892191
25303156
103476965
103579957
20364795
105432495
4743143
11423
100084844
17254375
19325296
101611209
101432448
25292890
25347894
102515323
19108255
960
18744645
102670684
856277
100914406
6192447
101013626
3641903
11512852
107191431
101725730
105726448
7245778
103894428
2033
9824745
104547940
19987332
25303809
9591357
102479793
13291644
24269945
23106821
103573847
5429379
102825794
11990
190672
190671
6347018
19973910
19196441
20977
8047219
104693616
11845
5435838
20345843
3564944
23551988
25798368
105935816
105451645
14800
5034863
4763440
4750016
7243694
106345136
16067635
106012653
14580
106014196
25416579
268373
105748329
100194968
105080787
180789
13401625
101696519
4592571
101460605
101709716
6908
102793968
10378611
25777919
4587405
20310890
212518
103578808
18746808
100675427
103674404
24686
8439676
103580944
104455317
10098092
105861489
103580946
19973313
852756
180328
23568470
105861484
12631
106896566
19471998
103571692
23559055
103134035
106062406
11502
19323182
103674536
850329
253461
100482237
105010602
104463468
106051886
106513639
855661
104246543
14538677
102055080
7921300
2358
23555174
19887543
19254777
492943
547451
8201445
19180619
9581003
9835680
100413298
18082232
102017977
5060727
101869849
19140555
20788
101137591
12367
16854
12364
102230856
18735902
19171567
19244107
5010661
105471275
6106263
102675641
19277221
100226042
103255549
6190433
19263358
20964
25847636
19268829
19250163
25297721
106786676
106591945
19190961
113910
20078799
24485512
856848
106083457
104482629
8047366
101340813
19286822
103964931
102007546
101254655
8301788
100222996
18487462
105582119
54131
105671597
19155551
19195212
101730671
25568955
105688394
8105014
101323017
103577591
105085479
178893
9674450
1536
643
3091
233489
25793535
103171749
503542
5432506
102223943
105708638
22911376
101403852
20342894
855492
26434
101797325
20711472
13400279
181425
103580947
184312
19132076
105703714
106948605
25496384
19149637
22433
23435
6187356
4323157
102797051
106075926
100855950
19901350
103580163
6106410
100231829
101653403
106145980
102943538
22059
554189
102433187
106439378
230904
12759
106624465
102412423
116861
116862
116863
4559392
101677366
105320756
175330
101653719
852410
456516
105280180
21803
856091
101948711
6531675
19320191
18412
18746257
20778
103569660
101132083
116853
9586888
8292806
100136172
19252642
18600
4864
106513643
5922
106859477
6080963
408497
105823474
19033551
100842371
19325259
717883
9633655
25782769
10514778
851800
719900
19399284
6102045
19252357
19337264
20826957
406938
19166770
179773
7455790
22887796
68947
581
4586930
105083017
105083016
102576056
101829325
10805311
9807658
105582120
178954
19143986
101284476
102110165
5019707
101550687
20831863
103128660
100587690
23560317
3647795
101616373
66824
101371275
105401159
852440
102561492
18733861
104048158
22911566
541462
105835143
19125049
104036354
19139324
101706022
20353513
102818546
103822910
105323545
192344
101365670
8061230
102627386
443059
19257698
102998309
100995401
19466041
14812
6622
106012142
100506742
19236579
20703258
25410311
325
100555750
5492963
103280054
103540793
100758772
20368609
25847345
100769587
101454177
101075840
104065361
18736745
18489231
25343329
103572234
102103010
21404946
18759682
106693332
3512077
2903480
9092569
176130
105958248
947077
25845881
19398410
103572721
8290991
3974672
103570370
494129
100397118
853043
105690970
25271041
100340598
10803796
24523289
9667562
8507411
100458755
23557499
10432
105018262
9812128
2828223
25367156
19971782
19404192
22586032
100863375
102442584
105322821
2934
5327
101522364
102964375
102868461
19124924
19462441
23411
102362358
102389228
100032784
19021211
106828207
218772
26629383
14733
103556386
104986023
104986021
100512378
106475404
19271387
105101896
101540824
7913007
18034
856400
102545967
5998867
103068604
25034992
25273396
25776149
103470052
20530725
106666122
25603
493114
3181
18733473
2871210
104166666
155871
850504
103065026
20362605
106750115
104140541
100006279
20341885
19153064
5492733
107193389
104967367
5488726
105866025
110920
19136229
4584031
18044290
12772
20513
103550739
103550738
100345744
25471148
6344346
69542
105168933
9666311
20375674
4701052
100597384
105511026
105511027
19120879
17246
105298580
107052125
856281
26259350
101812711
101959784
19331513
103189604
5431317
105152223
19261831
100754078
103934043
103285648
19403338
24406448
854271
105719343
100643997
103285647
109939
58083
20369270
105256992
107069766
104560849
102245068
3507
2670
4394233
855875
26251589
100052964
459679
13395482
20229376
25769569
4388526
107086592
19243515
179552
25307547
23621
106047656
8293402
9668332
104713198
3178
14256
106856694
19465353
187751
101026947
103919662
19906430
105664102
104921643
19122
105674443
105301649
24894559
5483061
10805207
102623051
9808183
8107910
106058585
18738023
19986442
8441911
102494995
103048315
100154535
100065904
107107004
23627
103739850
100398566
18485693
659539
105912306
18733400
