102545153
23443
102787416
101864611
245537
104640874
348
106002499
101342441
6792
100374882
102820736
102804633
270
106521979
107186351
51111
17257
106579747
85358
205428
3690
106809395
22909
100
101717933
100957135
57502
103905152
106843861
101929780
20527
100547388
54551
22871
557358
8232882
54954
105408997
6653102
105388874
105761006
102340662
100412297
6804
103265748
102574437
102908440
1621
24718
105011009
104505779
103534389
728841
83473
552
103772564
101568987
79004
104565139
104127193
101930969
1750
100129696
12494
101855128
104924138
100990974
102997063
14402
106790225
79718
101480020
683
102976028
104327734
101129186
6573
6095
5625
101092998
110637
225872
55628
551735
105014371
4036
100011864
104857523
101918090
105273412
102524581
100221779
104147127
65267
105259076
24594611
103246605
104413176
105205400
103540346
341418
103173929
341416
192167
102026526
101439859
101067208
105436431
4627
102019509
57666
100076981
104392294
100122979
103779785
106749480
101151047
101162374
174
100351572
106835459
100754050
100735074
1500
104672938
7982
64930
103541434
105946657
26030
102696788
105936274
105189877
101614257
100018248
106946456
106564312
2697
54413
105102791
26960
102124163
100896030
100865778
106011188
104402987
106979080
103914511
9759
3237
3238
3239
5191
1610
106549341
102756608
104019936
104948045
107116487
106901510
101107931
104309666
20265
3356
3351
3350
3358
5444
1760
1141
104074704
102329879
417481
23040
102930102
104532589
100061800
1544
11441
319974
104138847
104876478
106041047
102963191
102022293
105356589
103066256
412
102290349
106568202
104505904
23262
101523466
4282
101331063
100194856
105199960
102386690
7534
66797
51592
361
4759
101634331
8032139
104409408
5879
9968
106132050
3751
2194
102779178
19178452
103004147
104538445
102210675
745184
101862314
21380
17295
100379918
617391
101152840
105422554
4524
4522
4520
102810946
102265367
105807085
26047
102241875
101677648
106477447
105148662
101379151
106126399
2739
103515042
64324
103079402
1814
1815
1812
1813
103296324
90665
58234
26958
104059248
4952
105007106
7337
1979
1977
1600
18430
101116937
105082866
331461
101480539
101649515
14265
103239449
104289196
161582
7057
101970360
401967
102090894
6999
8140
100447576
105541445
24380
6603514
29123
91768
145581
103616350
9993
100455084
101616385
102244643
102264196
102739613
104562930
23705
105240410
105688664
103084029
696295
304572
101026402
103012429
192147
103048505
106654876
106115824
105010059
104054666
102536438
5864
102916983
56117
64130
101018879
103212233
713830
102402197
100288142
103912589
105834275
100730960
103926432
106738820
103354403
102675182
6696
154
158
93979
103230985
104273459
7837
6343
6344
103188454
107093815
17196
17190
104164394
22829
5048
64319
105599221
104945483
1803
19204551
101974270
57680
103511499
104343367
14077
107087863
343381
104475722
107093964
18429
814
104388967
102471722
106549545
104688628
100704405
170845
7040
1496
1499
103231919
284565
100515305
100622802
102224174
106478477
103198338
8604
102277741
3029
104012448
101029181
106915848
100411571
832850
104465973
8831
6505
171512
438
105610380
102929960
197320
100145480
104289852
23394
104258770
106567958
100606262
105833323
105368739
6755
56729
103252395
105296716
103818097
192683
103114030
102977671
101562079
13451033
103012147
104042099
100479098
106682682
121364
101276084
104672940
104674326
104480350
106524765
100141500
101362907
9369
127
17161
5071
653007
104577625
101703214
100586000
9568
100918813
105624641
101565804
101956492
83943
1950
1959
102999549
103183982
101872643
100468760
105304527
103535837
9013
105565986
105211549
584889
1719
107069112
30062
441908
1139
103577517
18189
68861
1137
102193473
100160456
104051549
104464967
1009
1008
1007
1006
106472520
102222906
627
106167896
105990709
6532
6530
6531
4340
7499
102280654
102694178
100654265
101065774
105982005
103152251
103052998
101331032
6403
105384589
103896536
102376740
2907641
7761
102438269
23345
106538948
104573849
101014640
102038899
207
104562268
16592
101550877
101330149
106145696
102697583
102938821
102522117
406928
7812
101147737
101525432
25509
103269959
105706331
103357558
105909135
389549
23209
100084067
9379
9378
121130
9370
4885
104661594
102221921
105411626
84027
205655
1821
103264513
105329060
3274
353025
103476108
836
105820707
100745719
104296498
101803047
108071
104493612
783
106108588
103615011
105630251
104638619
101070360
103029951
18190
102171639
101881356
101948152
79742
7157
107089937
100745939
10912257
23133
103057135
101633953
100142178
11069
2898
2896
2891
105014908
105865746
104293761
106715020
13799
13798
22353
103159073
101806255
105456269
151531
106539154
106178105
104023839
103395206
103166440
55217
282553
4790
101331799
712741
130120
4152
107038524
105441117
368890
102428461
852066
55672
105261401
107104212
105490587
106579302
104314633
452383
103670236
103596115
105854009
554314
26053
102509542
103362863
2550
2554
2555
2556
2557
2558
105700809
106876361
4893
104519141
4891
4897
149013
100222302
7979
104081460
1859
104840628
6263
105089733
2173
2170
2171
105871160
102273300
106666793
9722
106590677
3269
102408183
106717703
54538
106500519
20586
102364480
60677
102735976
103593378
101274852
104390066
106658243
104954870
102175180
104622823
104550120
54221
101371175
102380469
79083
285622
101881360
3077
2950
33962
102196179
102804293
103209261
7166
104470038
104069155
283365
102100070
106868878
5649
104327553
106700013
103823611
103823610
101174450
3105
104942550
607426
100877887
50944
343505
101982288
6469
100566460
680456
50834
25832
609829
102988785
26470
105888868
102208521
4781
101422688
5829
101617925
104846498
101105549
139411
101947849
12064
25696
100551021
101938508
107067271
102036146
101329642
103125366
104260296
102945588
6383
653149
3676
348180
105889432
102159616
105677906
103590319
102880527
101147370
103213147
101484313
104998944
103064621
100132406
100980810
100729575
148398
102302463
105343089
390327
390326
9732
390323
390321
701038
101476162
101593291
105600736
104499374
64221
6612010
6564905
102905214
106661434
101960478
10243
104954861
1796993
14810
103615966
103031087
106864824
101053134
6899
2944
106603524
84530
100187724
104064678
83992
104941845
5728
106945437
8242
15567
101914451
103281030
104045501
6620000
100515476
103748478
102382400
102452141
5743
102093356
5747
491
104293461
105593330
32547
106154874
101824012
6714
100335918
103912870
13684
4139
104843143
4133
18870314
100933633
103678893
103750628
304419
19034951
103902025
106972847
104542027
5968
22084
104624716
5967
4543
4544
166336
101976994
2571
102191125
104164720
104164058
152330
103754854
102983474
102169068
102778409
54487
103141348
103515114
106634979
103570107
54806
100188820
104623728
103040710
102972809
655697
101931673
104131771
10479
102056384
101620109
106956571
101015865
8924
104522478
479709
22891
254783
102293204
775
55777
7102
6863
105548722
100457645
105028937
79152
6502895
101517074
72145
104020855
91752
102079060
315891
3123
102755121
267012
5998223
106873088
105930493
319504
1312
102872576
103896579
103273490
4232
100498056
101600307
104578336
100558374
104492110
106785351
100301342
102059769
4129
4128
9915
24473
104940967
2020
19211
101157578
105482925
103300413
105261296
103801038
101164758
100750545
100392628
492795
22099
101025810
2290
104846748
104063713
644861
2569
100183736
140733
2560
102336178
2562
101086746
104542729
23544
107129233
7291
105411669
5021
5020
104518422
104664229
102409133
4684
100495146
105270447
104633794
104633024
105284991
101336484
101038660
102072069
100973152
103788166
102975626
100188832
105541282
387573
387577
4843
101822142
102885110
102129166
121441
8912
8913
19137247
54725
100457010
106915973
105704915
2969
105998463
106917193
84224
100535921
8220
254786
14580
106530310
106831841
101639963
106685420
4208
102991836
104267717
105423898
4204
105256429
5562
101084673
577204
1523
106515652
91612
6041557
103167772
102200532
170572
3952
104358489
102290259
381668
221035
221037
101474615
7422
103018040
104381703
101928890
117583
220296
103774510
102000097
106642806
102689175
104253948
27086
5786
65109
6035155
102360613
105723802
3605
116987
25791
106103138
103028296
75905
16416
9456
102968057
121278
103204989
101842010
104339139
104339138
57492
102511376
2131
102855970
4698
952
105148570
100141362
93986
101129805
22941
102543194
103797717
6262
101399515
104484106
691899
104343427
102571472
10458
615936
102527715
163259
103142101
101097424
2915
102748711
2917
102414450
463457
101140481
105823201
102408811
6550713
568214
105022439
100402891
102866874
593
596
3146
105558841
105183948
102512792
102367651
104921076
100587027
101327003
100970730
106462671
107164861
104466420
106741076
102351483
100062562
23096
5579
102897055
643586
105082797
101041010
100878395
509304
102914553
105466343
101987871
102576448
93664
115992
104967706
107146579
103109018
104321917
105607867
101655548
101004339
106545006
6616
441639
103086590
3635
103381890
103072851
106645791
16193
106055776
27347
6524902
21975
106144075
100027863
4915
80258
103275919
21803
101739287
104528157
106674906
403281
403282
403284
5175
5174
104340045
100483955
102113066
105698545
130
100689990
105364055
102292816
100188816
4233
101372757
6326
6323
100376759
84152
105457943
103553797
106473200
10286
101690874
102500816
100949036
104408253
106491715
103756774
101671534
104933444
9037
6854
2906
6853
2904
416793
106856253
103585287
20356
103657927
103726349
106589276
25044791
102079033
54140
104344508
105475731
100563489
101542968
102744662
129684
10545364
734602
741461
100362819
79582
101464344
105104093
103536579
104388729
1509
104038762
3082
105624150
20239404
106486528
104379619
105890010
192343
101553433
101799788
105525646
101394860
102928670
100410282
23426
285195
101843177
324
103264374
101427608
105729326
100188317
100188314
104257625
105559664
100145044
104986760
2332
2334
6134
102078763
498173
101697175
106031221
57526
101011612
104476454
102849592
4909
4908
101949637
2952
102011279
100150849
102230630
101698534
2460
100152269
100093177
103398116
124
125
126
367
128
103610165
102444859
101099855
131
101544932
102677750
12140
105871073
100774092
103286054
104030131
106678292
22854
7248
13385
148545
2668
100403699
54715
100121215
104381463
1644
1641
400818
106503831
6586713
104941033
3791
8214
102475189
103912894
104362300
101032467
105689886
105276755
850764
100981586
101344138
106472128
100647546
104695795
104695796
102066386
109731
105970968
100645867
79648
102935190
102561486
243961
105505727
101290421
101840697
11141
104997632
101625880
6328
6497358
101071710
100698981
103587613
27185
106070299
224079
9183093
615050
103547225
266729
7471
7472
170302
151126
6638
102000627
20166451
4010
102787465
22215
351
7508
104538096
102202986
2321
100529118
104848496
94313
288
103691310
101433173
3766
102462070
101279890
2495
102841147
104945269
104146256
26304112
101103943
2475
105928120
101987622
57194
103610175
4803
104268192
320405
100347296
9086
14123
105714928
101358341
102775814
103894867
22862
5080
4489
104300242
103759486
2563
102400007
100113365
105908808
2925
104048553
102483936
103811042
105063730
3211
1636
103469729
101461301
102312196
104133575
100941480
8828
106580457
100344016
107035576
101350749
105671019
103481734
104507314
106585083
721
1745
1746
106135879
25280868
106894402
100868323
5527
6942
102891765
100672170
100405884
106170755
104303708
793
23191
100952406
6636528
102002045
476
105504751
100931815
102110234
3198
