100132074
55615
3254470
4026
102495010
27289
4029
104542579
51263
24718
348
85451
3257888
100699843
101288916
6790
4735
401247
106521805
51601
100472130
51606
26627841
26627840
26627843
26627842
26627845
26627844
26627847
100616464
26627849
26627848
104010712
484667
55830
101427718
103176610
105861425
103110206
104562566
2263
93323
396274
57474
63843
281656
108
7862
101922257
104
104275628
103123581
313713
21927
9413
105730340
9415
9416
106625963
10142
100014088
10411
10897
104561107
11941
9638
102884255
22873
104329998
100924551
6804
101997374
5290
851765
2540099
1621
1628
104079575
100052356
481762
101376267
101927134
29960
553
102006294
105585756
105992755
101348132
100872982
101714150
102565123
470245
101927554
655617
1756
105223619
101598324
3256939
3508056
360013
1284
851180
105552814
101120116
104277567
102439227
100302164
91683
51479
8013
59326
6570
6571
7450
104497784
24419
8294152
5621
101830131
407
406
102828637
105200055
100394079
409
3837
100698230
3832
3833
104926577
10964
104375144
5990
5992
104667165
5999
4846
28989
192223
7018454
851271
192176
218977
6532
55755
102967041
104382623
6141
397
2309
4729
6787
101685366
389676
27141
4340
154664
26627834
26627835
26627836
26627837
26627830
26627831
26627832
26627833
26627838
26627839
104025836
245
235281
8626891
100770868
104858668
69743
102674549
16392
291
9248
103594272
427590
2539642
56916
178
176
3699
104670362
102838304
4535
26627846
3695
3697
100347615
100925708
105676417
10403
100759740
10409
101284853
64337
10395
22809
10399
8199995
100074329
101877955
105889766
104560513
63876
3254871
84062
54414
104134413
84643
3506506
104320930
105182911
9759
1616
101104433
1960
10082
103002104
104682871
147991
101633223
104619678
103340136
105429527
3356
3351
3350
3359
3358
149465
5443
5444
6756749
101893998
1142
101162411
79633
10042177
679713
11113
699
106901287
101554418
101927430
79703
1783
73660
445874
341880
9988
692109
9986
101035804
9984
12790
8537
127255
1385
1387
226519
145773
100874128
2895189
22393
689704
4284
9152
103270576
7531
7533
22027
102679931
400359
64854
8290396
102474533
100561066
106553629
27154
104982642
26627827
26627826
26627825
26627824
26627823
26627822
26627821
26627820
26627829
26627828
2192
2195
150590
2199
55816
103665450
124936
104254978
6688
116
105995745
105070827
103921904
7701554
85456
4524
4521
101404584
26047
9341
9612
9610
9348
106972356
349391
9184
9183
246330
1814
1815
104569594
1812
1813
105271416
105271417
105812322
12217
101290286
18545
7202575
100507098
84253
1600
920955
920954
8850
2541612
3256481
2847
2843
10215
100161010
54352
388906
1778
7054
100993570
3253505
850427
104065108
104994941
24380
100130460
104523423
398600
102698955
2993
25896
100881196
100586701
89832
319100
104290730
102325942
101083754
855238
447641
3259307
51455
8525
6512
170690
6514
3507818
100874028
1394
1393
1390
103735460
2895179
3815
103080296
103777851
23383
101384825
2876372
81562
411881
344148
102516979
102000710
4552
106894785
105489773
10992
9975
102724845
106789743
103674124
103372699
2895550
104341266
104041463
103527738
256472
31816
2212
3257694
103074765
102357801
6697
26627782
26627783
26627780
26627781
26627786
26627787
157
26627785
26627788
26627789
8290907
104010340
102369262
100644238
6347
100088995
856382
26627818
26627819
26627812
26627813
104030874
26627811
26627816
26627817
26627814
26627815
57338
5286
84390
100222040
101938837
103538318
134957
3782
1806
3787
101929665
84008
92126
80381
101001950
10771
102107707
84628
64478
101525523
3979064
25265
8867
8864
8863
7305
104465599
1946
152185
18424
102054183
104377614
152189
817
100885778
1493
3337
103177031
1496
1499
221833
106548498
5265
2897033
10190
102042325
102208974
105477664
1129
242687
2541957
5226
100028869
14695
290567
14697
102724068
8999204
79728
8293917
526
106710295
1234
1230
55722
50863
3235696
851067
417731
11004
6507
55125
6505
438
29627
102922559
107190891
127294
3801
101726294
11344
93589
102823182
23245
104842348
2541317
2541318
100878787
105618871
2539997
160851
24598
101076215
254827
4774
105093138
4771
55784
64837
104564325
103533581
64839
6755
3254432
55304
2541242
102875593
101156010
2542756
2892235
105367131
13508
2542591
239
20605
2538951
460151
4615
106947838
105896958
2872519
103579871
103801111
305501
104869183
106972805
2944
26627795
26627794
26627797
26627796
142
26627790
26627793
26627792
26627799
26627798
341676
5141
103813498
102041163
780272
100506742
102270746
64127
26627809
106890697
26627805
26627804
26627807
26627806
26627801
26627800
26627803
26627802
70598
5454
17164
7224
6607974
7226
60680
5074
3799
56890
232227
106487848
855998
3796
103893655
10747
100840427
6247
104840131
90134
176511
105514173
850639
1956
101911181
246776
106824564
1959
26627779
26627778
285375
26627777
223770
26627775
54517
105287073
45338
56923
84700
1826
102933062
105685195
55799
100879023
102290024
254439
8048052
2896539
3253529
4318
101240718
4319
103965646
105150850
1139
9575
100656365
101073804
102758729
79750
106948932
14681
104055272
8728
284358
284359
8722
1002
1000
627
395943
114889
101474682
105259094
100398530
6530
6531
242851
3256688
2889
25981
7494
103156044
9973
17882
103201197
104497721
100978331
8290551
103195759
105288541
8189
106539168
100426408
126731
101587618
286802
104507433
21907
103817177
23345
4762
26291
35648
23348
101598434
58155
4163
56461
4161
56848
207
32049
100703529
80705
392255
100551397
852701
7184
5936
855761
51143
22854
57683
406928
57687
57689
57688
103912490
772315
2099
2539807
2524
77579
2523
2543360
105933826
102402845
128553
106622488
104139587
104568652
103908522
101881619
853729
102989849
9172
947286
947287
100547229
84027
2214
16975
9572
6258
81035
53942
105287207
100595160
9710
837
3479
101632605
54832
3254663
18992
54652
101450776
243621
108072
108073
102249568
3310
784
20028
101350656
1728
783
5243
103965652
468
14519296
101927874
54014
100462095
103625285
26627784
7157
850405
156
18750
26059
105210474
391059
1644
23135
23133
104635033
781
359948
2897
2892
1454
8294874
1104
2541972
100063594
105204079
102439058
4082
217143
3254121
268936
11320
3511034
340267
102465503
50846
3254236
102243279
106742459
104159711
8314
103295507
6737
104312253
100616452
4153
103823280
8087
11255
102075284
733743
217
215
55503
211
56637
22778
4837
55690
104257229
315210
101475430
12677
140679
103563194
101716821
5901
19646
27201
2893513
5886184
57124
3485
101929054
26053
26627810
150468
103453471
2555
2558
103547876
102185614
17364
254263
166647
106848794
10320
5015
101964347
2774
9495
9145
947294
2542793
102493716
167681
2170
2171
192646
107055799
101804720
2643
9722
850657
102503483
101692552
2543044
102223212
2896318
14526270
101322348
105592662
53335
103798535
106499000
103467001
77300
106656278
104410251
5048
9030
14517815
104046880
5239
1734
84612
104522411
103758964
102940834
105459225
2541783
3073
104619153
102446446
2952
27445
375346
7166
79772
101024131
101825177
2893451
104353933
79172
103078984
607
79796
414764
2870472
5649
59345
103265297
30816
30813
5646
103227974
851051
1111
23037
8553
102795026
128653
102510675
55193
104302151
100050039
84166
5737
5730
26504
4855
105400194
38135
643542
102105732
50782
3927
104337332
104635688
852655
2539963
4784
100059740
101810487
699850
102970483
852019
107048174
16549251
102563026
54210
2899
6095
25696
128408
259232
51764
101643488
51760
51761
101830752
10806
25744
100464973
79884
102883673
887999
8199371
56827
106916602
60506
102005966
104357237
101805399
130162
57591
104262963
104032384
2768
388650
57572
3253223
2892064
101415787
17425
481198
1848
103903347
254359
104305116
2872235
100431597
102870133
90362
9738
102016580
101957937
2539487
134860
1902
22978
22974
3458
53321
105677706
8292788
2873157
1808
2540792
102205485
103384904
102110618
10242
553158
105387635
13022395
268934
24012
815
254773
8564
7091
29886
2541171
2912
168741
104308082
104167982
27185
102785367
1058
83759
106741130
104285218
105474515
102370027
4314
9834320
613
1272
54106
15567
26627852
851029
29665
851023
102335083
399307
8644
106626298
78783
5467
55186
84992
102181197
132158
25772313
5580
203228
100477457
407053
105894374
103587488
100749126
102456355
103760165
6718
6712
856735
287015
4139
389177
103767173
102041242
100075351
2895277
100957423
51196
55231
52882
102376950
104476740
2289
2539016
4544
26680660
2571
56344
6285
57210
855640
2543336
27319
2543441
853770
105020250
102422337
10301
6289
5512292
102544510
104541633
13398971
100919436
100867104
102695772
100506457
7351
9587
101877810
19739
105519064
704228
54805
406993
100723008
406994
2026
57369
887
106040485
104639446
2825
14540022
6071268
2539580
103751417
102141619
105454291
100662102
54248
22891
775
770
3259505
778
855136
122525
6869
101910967
268697
255239
100009661
4300
4306
4308
101327483
14751
18013
18016
103772053
102247615
104692402
101340304
8650
1463
1312
284111
221391
105702351
6445
243923
101658867
27074
5590
103801869
378545
8294082
145858
3647610
25817
102534123
23166
3647618
8290547
105105089
101121337
8295754
8295203
100861552
104919507
14525451
100882136
2873692
4128
9915
393076
103255314
103607404
105925853
6671
23413
84189
22589
106742388
54413
51185
105067433
102448476
27091
3254396
51741
56999
3612
3613
8291941
56992
6641
440435
102974577
2542635
116443
2569
2561
2560
2564
2566
23544
24924
3257270
9131
64400
104464481
106851048
5027
1861
4684
13591
101527877
104932993
57178
104618985
90342
5116
105544223
104344013
6506
9223
309647
249912
875
79848
406987
103223535
105869032
203062
105812242
4842
104390212
891
104410753
894
10265
101926232
899
122402
54584
106845991
8914
2893134
284076
101392507
1786
3256091
8292558
1610
104280539
23322
102178579
104318708
395537
395536
569574
104520407
102561524
8224
14806
675
671
715059
3133
8843
151648
126147
1413
1414
1416
23779
105511998
23774
18236575
59266
103669576
5764
4204
6908
102851275
101565417
89792
103739657
1523
104990127
106110151
106094574
301
302
102067805
3684103
105836939
51422
398349
7425
462645
101800649
12565
100722855
2892457
2892171
693126
100956135
100866300
101656927
84952
9478
103054242
100003354
854822
3606
102281176
23395
63973
397743
116987
158219
104545405
104155768
104963634
10678
57010
121278
101678760
4920
4926
104125709
116638
856263
102199424
100544988
10072
20147
103007321
10076
104390339
9218
101418133
852932
6334
101944962
106046175
104134772
42676
105303070
5878893
104849067
9671
102736995
3557
3554
3553
2173
101929560
8196665
102920237
20965
80335
79987
2911
100577649
2913
2915
2916
2917
1267
11188
712
84433
7124
6844
6845
246269
103056611
6303
590
100648332
8047184
596
598
4325
14526364
54897
2823
55300
102046111
107185494
3383
91752
1408
1401
1407
174261
115207
18471955
100565425
23098
6934
8128
16574556
100220730
132160
105410336
101098311
35
1240
72900
23140
23327
100130771
338
102911266
343990
3254027
332
103295373
101475857
2902522
646982
104369336
12564
101928882
266743
6616
1464
105543610
14525547
5950
2895391
267012
100749689
5799
3631
2542619
100662916
148229
102312872
101552549
22059
100405456
6103
12753
101537874
855478
26627878
26627879
104468101
26627870
26627871
26627872
26627873
26627874
26627875
26627876
26627877
102398234
102049064
3702
3700
852949
4916
106495381
4915
2891855
100528017
17261
57628
81876
103179137
54453
9499197
102580
133
67972
64067
106835607
221935
102393876
100346599
106850796
54858
102146383
54852
101752400
6323
14518044
84152
100012035
103614431
8276608
105699543
221468
101525924
9669
329165
7257
2828259
103324345
3569
4487
4482
54922
8973
2903
2902
2901
104336308
365748
2904
2908
2541889
89
14615
26627791
14617
7132
7134
20358
20878
101025121
399507
102762571
105813955
582
102090207
8756
282706
856892
106135299
20873
105186339
102095777
285696
242607
126638
107064218
44870
6925
23081
51533
106122201
14519107
1501
3084
25861
23157
23332
104686844
2539937
100336626
8379
192345
192344
103925939
12571
103382916
55143
753
51397
16508
56147
100288797
26354
3258750
397925
105399207
101376844
8290532
9892
101406014
26627808
3628
65258
64943
102540306
105101422
2332
26627880
103150484
140766
498918
103208975
2534
25480
494470
26627869
26627868
102783173
26627863
26627862
26627861
26627860
26627867
26627866
26627865
26627864
345193
104063616
2540361
100155061
4909
6007
106637514
104480739
421614
57142
2247
8263192
995
994
991
101136083
63826
5142
103357320
5347
64072
406958
406959
65003
104079221
56920
444273
10611
12142
57030
2066
104683482
367083
10432
10125
2539700
5091
100230898
3576
3570
102974055
104495598
563080
2668
718997
100940564
54715
2932
101983648
338917
8200360
293860
103566625
100567284
223864
54854
101945616
573
8745
101568761
102321316
2540709
3161
7093
105566210
3360
3361
7099
243743
171360
8100
365394
101816719
102931734
101037766
5553
6482
9863
421182
100344918
25855
59058
104485279
104078197
1512
91869
507996
104049149
102362002
101044504
103326221
102898819
114244
114245
389125
104410771
101962319
8278037
266722
266727
3183
266729
103221594
102679294
102731776
114798
100754861
114795
103298646
26586
102997943
7504
9881
102308072
339896
104139400
78999
288
101603451
10955
8291018
100113381
100982211
26627858
26627859
26627856
26627857
26627854
26627855
104516628
26627853
26627850
26627851
262
104834208
2543382
6011
6010
535775
102223105
258
17248
2542388
5158
2475
989
983
10042
10043
987
26627776
115
114
853056
446233
101811119
2784
4803
102062067
10041235
26011
9056465
8292006
57519
101669764
54549
854477
102750443
9315
103623438
105838843
2670
103459516
57156
6854
103112793
84668
100595702
2900
10558
6850
101148788
1636
105981375
380006
8292350
101080286
105885032
8774
3256613
105704880
3177
692089
850773
106907846
84461
105299054
3258358
3309
4649
104387418
7133
8480
105723512
58513
11174
40
100420292
1565
105064174
8398
100719477
104016892
51460
8555
395165
129530
129531
476
477
478
100450221
28972
