5567
11829
20910
11820
58959
29358
6722
29595
8863
294043
11549
25265
3557
8864
19017
3553
3552
81744
2899
10891
140781
26570
148014
52055
24659
100270880
13162
24653
24718
348
815
816
108052
2911
2912
2913
2914
2915
2917
2918
428633
243725
54738
65153
110213
17918
5468
7124
6095
25696
171114
51166
10452
29456
14182
83785
55991
2895
215114
11532
18391
25668
25742
282974
3659
1129
595
3776
21844
64513
24835
2890
6387
54725
3673
93986
29131
3383
32158
12015
12017
114856
526
1408
3952
1401
18155
29527
319757
1012
8665
1234
3586
47091
20620
19339
244667
24887
103
24888
688705
16409
5579
5578
5573
266734
21926
3091
2169
438
29627
13087
6376
114131
10411
335
66725
337
171039
21336
7345
22871
10380
57302
252857
3290
7157
19058
12568
50689
50686
50687
3458
13796
170935
27067
42646
160851
24415
24599
24451
20965
4925
406088
728215
6804
24848
7008
27279
6615
93759
19206
57142
11539
192206
171093
50646
18816
14816
14815
24627
14812
14811
14810
54393
25400
56652
25402
2863
551
56717
553
67588
24239
319105
21752
6899
25012
1439
94274
20312
21898
7466
29560
60669
29819
1756
16193
24446
15447
12494
238276
3439
4318
5142
1816
245666
24416
12286
54323
13844
15567
15560
24482
15562
14764
3119
3117
25085
14406
4915
24241
67870
81657
83722
11651
17762
406958
9248
11178
133
64067
5743
135
134
5071
66004
4221
9162
56895
12371
6570
24413
5582
50557
55117
5581
24418
12064
24791
5621
13489
13488
6323
29613
101929475
4862
4988
10743
225872
408
100505566
288995
11838
59312
117064
63868
7442
1950
3352
23370
7852
24664
19065
281125
3565
4131
3569
107895
4137
5697
65018
6532
945108
375
84700
25229
2903
2902
2901
16878
2905
2904
84023
706
2908
25723
51299
1593
100130203
3308
20296
7133
110405
796
32979
3355084
29336
4049
101927616
6311
104277
3567
216343
154664
2289
1138
21833
3745
1137
1136
56044
193034
4548
117536
24410
294134
4543
13490
7781
3399
2572
2571
22933
24411
25690
1639
29260
11450
230777
12877
21944
627
6591
22
57406
5663
100616287
15551
15550
6530
6531
25549
11622
6285
6281
53919
12289
183
185
3084
26580
21937
266729
207911
374212
9586
17750
9627
192347
14405
15
14763
192343
5715
13058
866
24245
2026
22339
111343
2697
84062
15561
14799
285780
16508
107831
1499
6812
16500
110532
4763
25195
64680
20393
6622
3606
20977
24145
5196
1610
14800
51083
14805
324
1476
775
2629
8914
773
3620
15171
3356
25369
6869
505283
5074
3359
3358
2332
64084
29477
5443
5444
71111
25769
255239
533737
1143
1269
1268
4306
217
406921
1267
66673
7049
13405
397433
4576
55502
24494
41957
100313997
108015
81722
6001
17755
11441
540
25389
59086
81645
81646
24842
267012
1462
9378
1312
9370
999
5141
6446
64077
155945
125
126
9177
1016
5590
66082
12389
84027
1826
4879
5617
72961
140947
100616263
9575
13492
1385
1386
6319
12267
23286
19353
55737
317
64206
26416
100302243
161357
282133
4129
4128
836
4287
20692
3574
4289
125958
22999
12291
294122
210274
24473
12310
367
2668
18619
16846
6822
25324
83636
25736
18610
12912
19211
2932
108071
108073
314322
23945
6671
15185
5321
24414
14601
114593
11516
5243
13666
14282
24604
25601
19229
84353
23411
18578
294133
18053
29495
294130
308995
18195
60482
6641
27429
387285
26058
94190
100506736
288484
17967
3360
3361
7099
79068
104418
288908
29423
100616366
2587
64400
294126
8100
294124
294125
5021
5020
84550
1355
1861
25553
18125
1378
120892
25558
501099
14427
4684
3688
6352
3683
4524
2891
4522
2892
9722
1103
85358
1453
20807
2876
26047
1109
2735
2736
228139
2730
338058
5295
17748
6772
20656
27185
9188
1815
5728
233081
1812
1813
30955
12359
10769
29141
4842
4843
58234
8811
55607
16514
19091
11998
5027
223864
200909
23980
4790
392862
25054
7504
8910
69807
351
18439
18008
11845
4929
20979
11840
12921
317675
12922
25075
76376
2847
56637
2875
29190
24318
24316
8927
6648
83632
1773
155871
5999
6647
1557
27165
366274
10814
18387
29290
18167
15930
310738
25298
3480
3482
18168
4567
171026
24380
81736
100130460
494316
2559
19894
83872
24898
305795
5159
266759
2475
319107
9267
20617
20614
1325
170899
19059
57468
109648
320127
239102
8682
5604
16416
158435
113
5136
232975
6908
2784
4803
4804
207
5566
6513
50577
50809
11607
171500
9463
1394
1393
1392
6303
12300
14829
50592
217212
301
302
20538
403961
100302259
414891
847
7276
22986
29517
84685
24680
13982
66027
2670
64310
7422
7421
3351
3350
319104
108069
108068
15194
14229
22943
319106
18212
29234
23400
6609
3363
72508
5015
23796
18693
12322
6853
1636
64829
29254
1733
29704
52906
51738
84591
83567
5789
24407
18667
751686
8772
2774
246788
116590
2185
24225
24224
24221
25793
27445
5428
114
7166
3897
23590
111
1742
294131
150
153
407017
154
156
9456
9450
729230
121278
5649
7839
25248
18033
211323
25243
14417
79255
6347
14419
952
11076
1113
171019
14804
1565
17190
79648
8398
20194
57339
50940
2729
18783
53833
12802
22941
12801
11315
9211
12367
15378
1803
232333
19122
24409
24408
8484
3576
4585
478
4854
63891
4852
1368
18126
