104924455
114781
102495010
4023
131118
4029
104542579
2030
7517
7515
347
24718
348
101588670
51063
7518
103921904
407621
104394902
102541832
10964
84867
341405
4734
4735
401247
106521805
100384943
100472130
102997943
102397924
103088597
104010712
484667
55830
101427718
6586
57610
103176610
80204
105861425
51114
105066731
2263
200933
9529
57476
57471
22909
244667
57188
7862
104256007
406971
101922257
16819
2047
104275628
100540578
103123581
79813
94026
6378
57502
105730340
2512
6377
105750346
100014088
104561107
54551
9638
102884255
24088
10383
10381
2730
102989818
104329998
6204
105544223
7781
100924551
283899
6804
285025
5293
101997374
9745
9743
2563
1621
170845
5184
1759
3992
104079575
3561
100052356
481762
10369
101376267
104860773
8831
105102161
101927134
29968
101658598
2869
29960
551
552
364719
102006294
105585756
105992755
7678
101714150
7079
129450
1191
5454
299757
223701
470245
655617
1756
137868
105400983
1173
1815
101598324
1178
5533
5532
5531
5530
5534
5538
169026
1284
105552814
101120116
104277567
688
83723
103565248
102439227
1571
1577
1576
7187
102731286
407002
91689
51473
51479
8013
8542
6570
80723
59323
7450
104497784
24418
12064
5625
5621
101830131
406
8490
403
23299
1379
8499
102339017
23293
225872
104083879
3836
100698230
3831
2746
3839
104926577
5997
101288611
4035
5990
104667165
5999
4846
106848794
103012667
51079
6532
7528
51075
51070
55022
51291
104382623
65267
51299
393
396
106923816
5733
103776696
6787
101685366
10978
341416
4726
100695109
102505111
4723
4722
154664
3746
3747
3745
104025836
104257705
102005813
4627
106595121
25432
100770868
104858668
80219
140885
81611
106981647
51107
9248
103594272
406961
427590
401648
56916
219333
177
176
100188856
442891
3699
2053
102838304
3690
4535
102312304
613555
100347615
100925708
6365
10400
10153
53345
100759740
53615
53618
10409
101284853
57084
9628
10395
10399
9620
100074329
101877955
101959679
105889766
104560513
63876
84062
10718
104828946
4650
23236
54986
13542
103477254
104320930
9759
1616
101104433
104078504
1960
1961
1610
104331588
104682871
8841
8843
101633223
115019
104619678
2876
2875
104560089
3356
3351
3350
3359
3358
8850
5443
79018
79019
5444
29801
8854
115650
1143
101162411
1141
79630
23043
23040
57591
679713
11119
11118
103553987
103110206
5834
11113
104029391
104562566
7048
101399136
106901287
101554418
101927433
29114
23600
767
341880
101035804
104469932
114784
3320
5618
55101
6568
7447
119032
6560
127255
104639016
410
1385
1387
23284
23286
4010
145773
65079
65078
106548498
104280539
57576
8443
102392197
8448
57479
50664
64902
100582051
26556
68585
103270576
7534
7531
7533
7532
102679931
94223
102160827
367
64854
4759
19283
6778
102844345
102474533
100561066
7052
106553629
27154
9968
104982642
3759
348910
56853
104139400
56901
60484
60482
3757
3756
2193
55815
25239
102351261
81603
124936
104254978
102350824
105009894
100938972
116
348751
100967372
57412
21380
1674
105995745
25550
105070827
693225
120892
7846
25558
84108
130132
85458
4524
4835
4522
4521
101404584
7991
4762
5048
26047
101929780
101915517
9615
9344
9348
5297
2739
106972356
349391
5058
83857
5052
5053
1814
101810487
1816
104569594
100422931
1812
1813
7203
1819
105812322
80004
9415
101290286
54993
9764
3587
7334
104495886
1974
801
83450
106722387
104291866
390326
2847
9368
10215
3329
5478
347730
102870133
347733
388906
7057
7054
321
100993570
401967
18167
3977
1155
104065108
1152
104994941
24380
100130460
85439
102698955
619488
104620231
208117
100881196
89832
145581
319100
104290730
102325942
50
101083754
8528
9993
5609
28232
55137
6511
170690
421
427
1390
3812
104375439
103735460
150368
103910
8452
101475371
103080296
103777851
4293
27012
23383
104049104
101384825
51586
388015
104530688
81562
81565
411881
55794
344148
102290024
19293
102000710
106894785
4741
105489773
4747
25638
27121
103674124
103372699
5860
104347015
56666
104341266
101322441
104041463
103527738
8038
226
100288142
221
4711
2212
2214
103382916
102357801
100616252
51123
406901
150
155
64002
157
156
159
6456
6137
400765
211323
104010340
102369262
149111
130120
6347
100088995
4513
90273
26058
26059
26053
104030874
26051
254263
56267
57333
5288
9607
10175
246329
5286
7941
100222040
101938837
10376
5045
103384904
10371
3782
1806
1803
3785
101565417
8997
255022
1808
101001950
6510
6237
102107707
84628
6513
105574858
102958191
246744
101525523
9779
164684
14077
105551888
1948
8863
7305
343381
104465599
1946
102054183
815
816
406920
1622
100885778
101927921
7045
10204
1493
5465
1495
1496
5468
80830
80831
80832
80833
79038
5265
14182
102042325
10198
102208974
18391
105477664
1128
388284
102276349
55486
103562042
1124
8604
8605
100028869
23499
4137
2989
3029
101415787
526
83719
301
1012
1234
1230
8932
13869
4908
101554617
4190
8519
12846
101380114
6509
417731
55120
728841
145978
6507
103372200
6505
6504
102922559
104480739
22627
65057
101726294
150356
11344
102823182
102724457
104842348
6431
4851786
102235110
221184
23394
23395
160851
91526
101076215
4775
84823
81577
55784
104493923
104032245
100507431
3062
6752
103533581
4179
55300
9943
24626
9948
102875593
4297
5816
3066
2464
101793909
101348132
104147756
56301
80714
131
460151
230
106947838
105896958
104167982
102501782
103801111
100346599
104869183
389084
106972805
5144
7422
222698
406930
148
102095777
100060246
121364
5141
104537090
339829
103813498
102041163
80152
25083
102270746
106890697
64943
11651
2534
106893345
106893343
9369
102565123
127
130
22839
6607974
10690
60680
9162
106487848
3796
56899
3790
103893655
4985
9568
4988
63885
10743
103757450
719086
20450
104840131
90139
105514173
83943
1956
101911181
1950
104569066
106824564
1959
1958
106957739
223770
100772120
387032
54517
83999
444273
84700
9016
102933062
3304
3305
3303
796
5250
102516979
104273153
10613
68318
4318
6311
23408
441908
103137654
1139
1138
84952
1133
1132
1137
1136
101073804
102758729
4976
104960301
106948932
7148
14683
407034
104055272
729993
8728
54106
3028
8502
627
30010
23659
101474682
50855
6536
100398530
15550
6530
6531
100329170
887
4340
2887
2885
25981
7494
25692
103156044
23019
101621124
103201197
104497721
100978331
55799
103195759
8479
105288541
8471
23234
23237
106590007
12
106539168
19
27037
27035
101587618
105507309
104507433
103817177
55206
26298
23344
84833
35648
101598434
4163
4160
11247
11240
51329
5803
100526772
203
207
10487
100703529
57794
16592
100551397
837
10612
23026
445347
51141
22854
57683
406928
57687
57689
57688
3492
406925
103912490
3658
22850
2099
25797
102906053
80145
223117
103268572
105933826
102402845
148545
9379
9378
121130
104139587
104568652
9373
2701
2703
103908522
100409263
101881619
102989849
9177
9172
64377
9170
25187
100547229
84027
205655
10758
205327
4978
9575
259173
4974
10752
6257
53942
118980
101114672
103539863
100595160
102944617
58155
105499180
22997
836
107087803
133482
8880
3479
22999
10664
54838
2937
101632605
104522539
493
100528007
54832
2664
54658
108071
102249568
7021
6571
104554593
3311
3310
3313
3312
780
781
1728
101927279
5245
5243
104684298
18578
132200
101866847
728586
101927874
60
7280
100462095
103625285
3008
103165098
7157
26985
407026
1586
79180
102828637
5329
1212
79568
100477457
406921
638
23644
23133
104635033
100394079
6801
121278
359948
2898
2894
2897
783
2891
2890
2893
2892
8660
1457
100063594
102439058
4082
23731
268936
27020
8400
8401
442338
340267
5726
102465503
102243279
79648
104159711
4690
25148
55626
8314
8315
6733
103295507
104312253
4152
103823280
8087
4155
105505467
51319
65032
102075284
643376
221078
104375144
55672
733743
217
215
213
211
56637
105856455
4837
104257229
315210
101475430
6648
140679
6641
101716821
92017
10814
103624161
29947
57128
8214
100221277
2550
2554
2555
2556
2557
2729
2559
103547876
102185614
404686
166647
100356059
2778
7040
4133
10326
101964347
5019
2774
149013
101043615
7976
9145
25195
102493716
2173
2170
2171
4968
103387609
100540266
101804720
2643
9722
102503483
101692552
10786
3269
102223212
391538
64219
102967041
22984
101322348
8895
105592662
407025
103798535
106499000
100528017
54820
108069
108068
104410251
102175271
18212
7018
104046880
1739
1738
8774
5230
104522411
103758964
102940834
375298
79080
285622
6886
1033
2954
104619153
102446446
2950
2952
2953
83746
7168
7169
1020
375346
7166
7167
101024131
101825177
11099
83983
104353933
103078984
607
8991
414764
283365
23523
5649
123099
103265297
30816
30811
468
103227974
101288916
114899
3105
3106
3107
23136
1113
1114
1116
23037
8678
102795026
4090
102510675
50944
4099
104302151
100050039
104134772
343505
23584
5730
104579584
488
51780
4729
11315
11311
91574
102105732
341418
100029141
25830
25832
219539
3927
104337332
104635688
389676
9861
6721
6720
26470
8301
23368
259302
51307
699850
11261
51308
8099
65023
102566720
102563026
222537
104359817
58506
103281915
6091
2899
6093
6092
6095
25696
104018147
51168
259232
10451
104476740
51761
101830752
10806
5912
2896
259217
102883673
494331
81832
494332
190
6387
106916602
653149
102005966
104357237
3674
1454
101805399
101442988
11441
27301
104262963
64174
104032384
407230
64116
9150
3586
57572
100156849
406884
9481
100132406
481198
4049
1848
348980
103903347
104305116
390327
100431597
9732
390323
390321
90362
9739
102016580
101957937
104523423
7345
102920237
330166
22978
3458
59036
104325164
54815
84570
102205485
103538318
102110618
10242
10243
5223
5226
14812
14811
14810
29886
104564325
3061
3060
7171
7170
3065
104308082
6899
27068
2944
27185
102785367
2915
5354
104619491
115708
104285218
105474515
102370027
4314
1270
101843263
103293499
15567
54329
3119
3117
107157947
107157946
102335083
3337
23022
78783
3336
23208
23209
101475857
5740
407054
5742
5743
498
1499
102181197
132158
124446
5587
9839
5582
101350656
6472
203228
50791
89866
5309
103587488
374887
3931
284565
102456355
103760165
6716
6714
7472
101709649
9905
9900
4130
101928630
4135
23683
3843
103767173
65018
5699
103818560
100075351
100957423
105722371
13488
131375
4045
6663
6667
5968
103780005
55238
10873
102376950
102064078
101643488
5967
3661
104361070
104670362
24804
90952
4548
4540
4543
13433
13435
2572
2571
103900981
104471508
5512292
6854
26223
57215
26227
154215
104060362
2596
2597
102830545
152330
5037
105020250
102422337
103588237
25229
64180
3697
7917
7916
6289
6285
102544510
182
181
104541633
100919436
6048
101684424
54487
102695772
100506457
7351
9583
7353
101877810
9588
105519064
54805
54806
100723008
54808
406994
2026
2752
57369
102072414
883
14799
10274
10273
886
885
10279
106040485
104639446
5213
83698
295695
9057
400696
8927
14802
103751417
80312
254786
100662102
22891
254783
8929
775
101170615
104481369
351
4552
122525
6869
71
7107
2977
5362
101910967
5108
79153
255239
1269
1268
1267
24498
105075122
24494
5100
196383
22772
103772053
643707
3123
104692402
3125
101340304
101980399
1463
1312
523
6446
50863
9826
6911
101658867
4233
5590
103801869
5595
54969
338442
89781
160777
72961
102534123
23166
7726
55083
8516
310
55733
105105089
101121337
692200
100861552
104919507
23305
104538292
4129
4128
4122
4124
7434
7436
393076
7431
102388935
5685
103255314
103607404
101940448
51177
101817715
105925853
114027
27364
23411
23413
2696
92935
27257
23780
104134413
104042621
105067433
102448476
5978
27091
5973
5970
51741
6647
56990
116285
103563194
56288
102974577
116444
116443
19699
2569
5902
2561
2560
100859633
2562
2564
2566
56603
10911
10919
101148121
6812
7295
140919
104464481
106851048
5020
10644
5905
5027
3725
3720
100453374
4684
106048515
962
101527877
27201
103074765
10476
85358
104932993
100925878
2107
6050
104618985
5116
10000
5110
84080
104344013
6506
9229
9228
9223
309647
100982211
1536
875
873
103223535
2036
203068
2033
146378
105869032
203062
105812242
4841
4842
104390212
103798275
104410753
894
101926232
100616452
202333
146198
391365
100580606
54584
10469
101609755
55824
106845991
106547638
8911
80303
54904
23140
18823
1789
100528016
760
284076
101392507
1786
10082
24318
6877
24316
6870
18795
102178579
256021
104318708
1072
84224
18227
569574
104520407
8220
102561524
8224
671
102223105
3133
3132
104483908
24267
103295373
2558
1410
1413
1414
102136246
100128714
105511998
23774
8682
4208
2870
103669576
23245
23576
9859
5764
4204
6908
59067
291671
102851275
102247615
5565
5563
103739657
50809
7738
104990127
338645
100950015
308
3953
3952
302
102067805
55720
8353
23314
6432
728637
7423
462645
10048
101800649
106487313
100722855
2475
103270643
100956135
100866300
100128537
101656927
100656365
114587
103054242
100003354
148113
6861
51738
5786
300802
51735
51734
3606
3605
102281176
116987
94245
102552664
25791
158219
106738411
104545405
104155768
104963634
235180
27087
85300
7529
9455
9456
9457
64410
10675
104373381
100303453
4923
101678760
4920
20656
104125709
102302417
4929
93986
81848
100453740
102199424
100544988
103007321
10076
104390339
2647
5173
101418133
9217
232333
2782
104131053
101944962
106046175
9699
84166
4855
146691
9692
4852
105093138
9076
105303070
102970483
100009661
104849067
4300
100464973
2100
102042350
102736995
3557
3553
3552
387893
3558
10580
20964
20965
80335
13162
285242
2911
2912
2913
26010
2917
2918
101327483
11188
713
712
710
768096
107055799
4898
7124
103179255
6844
347689
102462831
5305
5306
103056611
84547
101005207
6595
596
4325
103744148
443246
2825
2823
5414
102046111
3383
8787
79684
91752
104277325
1401
1400
1407
104408112
100565425
389177
1544
6934
8128
23091
283237
100220730
8690
147657
132160
374470
5813
5578
105410336
119395
101098311
1240
101156010
3094
72900
3098
25874
742093
127933
84894
335
102911266
55714
93663
106515867
100131244
104300865
100699843
104369336
102422951
282617
104490584
101928882
29119
66037
3897
445954
25302
374291
6616
23438
105543610
102106974
441639
101005557
11346
50632
5793
5792
5799
239
8851
3638
3635
63944
100662916
102312872
101552549
2346
100405456
101530908
64881
102088449
9118
104468101
9444
9114
102398234
102049064
79913
3703
3700
7001
4668
4916
4665
106495381
4915
6916
940
103467001
101537874
64083
51561
403281
103179137
403284
5174
404037
5179
133
64067
106835607
104035266
134
102393876
7384
106850796
3765
54858
9829
56957
54852
13489
6326
2019
84152
8537
9685
100012035
103614431
18216
104410771
105699543
10280
101525924
51673
20512
103789384
7444
3562
3563
7257
3565
20683
3569
104637344
4487
4482
8970
80323
2903
2902
101350037
2906
2905
2904
2908
100328591
5617
20425
407043
7133
7132
7134
101025121
8806
102762571
105813955
104317798
102090207
282706
54140
3159
1432
1438
1439
9805
79676
129684
126638
100672717
6925
23081
51533
79582
1500
1501
1506
3084
104686844
170790
100336626
8379
103195055
100441319
103797302
192345
6709
192343
103925939
104166125
104960289
10645
4914
104989480
51454
51397
19736
56147
102381238
7122
26354
23426
6622
4009
105399207
101376844
106852442
104486605
5681
324
100559235
329
101406014
100336396
3620
81792
102462592
55968
102697059
55964
102540306
105101422
4715
2332
100586701
103150484
4719
10949
103208975
55568
17760
64478
102783173
104377614
3077
102261319
103177031
403282
104063616
118490
100155061
6007
80224
6001
85309
4900
613212
4905
54453
57142
10068
2242
24473
995
101136083
63826
5142
998
103357320
55740
124
125
126
406959
128
104256573
406952
53826
104079221
56920
56923
56924
10611
646982
6310
12140
57030
6314
13490
13491
2065
2066
135
105890853
9097
104683482
9651
13142
100230898
3576
3570
5096
101089719
102974055
8969
9783
104495598
5074
2668
718997
100940564
2938
54715
2935
2932
101983648
112400
5327
5320
5321
104670720
307940
1644
1641
8234336
83259
400818
1741
103566625
123904
100567284
6671
280636
29949
101945616
8745
100474625
101568761
102321316
3162
7097
7090
103127769
1428
5111
3360
3362
3363
79068
2900
102755160
100196913
79641
4277
8100
104375612
101816719
102931734
4884
101037766
6482
9863
421182
100344918
25855
9682
91647
70503
4750
104485279
104078197
91869
507996
104049149
102362002
101044504
8564
102898819
103921238
27184
399979
389125
23632
6557
101962319
6558
25921
3181
266727
3183
266729
103221594
102041242
102731776
101928354
55605
55600
104510066
103661977
103588238
23451
100754861
23457
103298646
9152
101331093
104563157
267012
50618
7504
55770
355
9881
104158142
102797615
102308072
103230762
4790
55915
103787093
253980
253982
4700
10385
57732
288
104569062
101603451
287
64710
3762
57282
3766
20688
3769
104516628
262
55827
84334
104834208
535775
715059
6017
4642
4640
4645
57605
5159
104042228
989
105823079
57468
5155
105064174
406890
101811119
488970
2784
4803
4804
2783
102062067
84138
10602
5289
57514
6309
9463
2072
644861
64919
55193
6303
101669764
103002104
54545
54898
103665450
24835
102750443
9315
103623438
7276
84687
22866
22864
2670
2675
2674
2676
103459516
6855
102051751
101872723
102146383
103112793
12801
100595702
5330
104336308
57863
5334
5339
100727415
10558
1630
101148788
6853
1636
105981375
101080286
8829
2817
100302174
105885032
102203749
29480
8777
29482
567
105921347
24225
105704880
7082
7086
7088
106907846
25603
1182
5420
84466
725
722
105299054
1742
440823
440829
3309
123624
5523
6942
104387418
106839669
219541
105723512
58512
57555
14415
11174
9019
5021
440957
1565
105400194
8398
388650
100719477
104016892
51460
12802
399947
23191
23621
55167
5639
55163
192363
472
473
3192
3190
100450221
28972
