6613397
105204392
6603387
104283869
7443732
888366
11910159
407745
5875
104929476
397171
106812810
105390370
101955919
101392855
26145483
839374
103365206
101873360
4916732
100117150
5506770
2706
105277591
101622219
105540760
102036475
105478109
105233298
6591
104482134
898608
18431
105592986
106094828
106617096
104622451
4157
9440733
55330
104299941
888150
6577999
23370583
103392601
26258
103002028
4935
105691329
106109613
6605516
106109612
105383755
105333571
14915514
3234004
103463915
103023169
101447483
105563136
388552
100474507
101996800
100228502
4817043
6902668
778
101926885
100646122
780502
102887648
8827555
6635651
6562633
6527626
104027235
8631092
103231577
106035669
2315
105668912
103532342
6907
24937375
842573
104386252
105382655
100008753
3185966
104404079
105408360
100564181
101141246
1280249
100585527
4531015
488683
3815
105393262
12330
105704642
100724327
6628081
100636919
252916
13354634
106131021
101028644
84343
100989128
100899830
19010835
428009
105512428
7299
23126594
105621140
6504193
100399713
22173
6506389
6540758
1084222
102336127
3720714
6566736
104138674
105982336
10041779
14307143
101614509
26163035
105218648
103177224
18241
39471
106898776
6533954
104326368
104854458
101920091
524289
23107446
4847073
106124578
100168610
106938371
4816956
6504224
105105416
8546
2854463
102909394
2855331
101541903
7419790
84062
105895012
709148
103356961
24843039
1792413
106131014
106542380
106617118
4286
107073011
6613398
14913866
6737895
104998000
103923045
453261
106792436
103509098
102197726
101460191
102100217
105868891
104084158
14828
100870769
8240807
104629473
4847222
100711675
102673013
101020866
79803
38299
101893566
104575307
9744736
6548593
100550272
105574737
105215247
11234
25153208
107100445
1205808
101013216
103059581
100945207
6635650
357
106158622
106744158
101795922
104271135
6562632
107044702
106124664
105081104
102435109
13037661
104505917
106084088
104521190
6546535
8032591
104163097
103575789
13355200
106716367
101565987
72433
8230858
102252220
5569868
3257
92579
5004358
106641060
106067336
100664120
103734604
103123238
101043674
106627348
103245999
102126519
24958449
8481
5077
1183
26162306
1091907
6589166
101517771
101658758
100392680
6733109
103304006
105428183
101941062
14926618
15145993
105363590
23125144
101893061
24907658
2847893
6575962
105224415
1280250
104313825
101370813
1442760
4936
2848789
104655701
100125152
103765005
105154550
20170
100012265
101740941
101359793
100171838
2720239
705792
283652
101068719
451473
101460480
101816924
403405
101029131
6575960
102046824
551871
100901461
101102287
101680974
105221800
6619323
9834148
103774264
100746897
105694629
105253267
5080
6663
102694045
388939
104686032
6046631
105448929
105305787
102863729
6643993
14913925
104132370
898703
16074653
7038668
101830013
101022567
106493965
5048
4941
106655326
101723256
8052088
104041481
100080574
100594055
24917575
26650256
106825541
352896
25902217
6941327
1207253
104381704
7018492
106716382
489236
4907420
1910
6739210
90167
102072943
101454429
102495596
100365773
398715
567419
1495988
103811915
51151
13021630
100758485
5398573
105221829
6545016
25726273
100882577
6643991
102954648
104942182
122
7988675
106967804
89781
102454604
575044
24874414
105218646
102023950
33700
102841964
6504223
280951
100074504
100340522
102276414
10837902
105027380
104251866
7306
101467480
4948
102097272
102386238
5569869
6589167
17342
103611780
102313523
104066346
106124782
16548440
8857820
106131030
100487559
106862702
910118
7199747
107137555
9683277
6527627
102365489
103812336
1084514
105925432
103149326
22939064
101276275
25564855
14895100
8230079
1091908
100453479
1790181
17308964
105215251
100049406
104347719
106614880
14924254
103900625
26531809
100969256
6540827
22937711
381269
10554367
100962911
9439916
105497437
249663
105212521
104464856
100915416
102186347
318887
102934638
106662505
6731015
6566738
101835725
106716249
101854351
102234960
104839888
102573211
103677086
6644020
105385845
6610476
23370582
2622736
106680694
660548
5866755
102807204
100034107
992456
106084097
104489319
106109604
102512002
101740800
107110212
101091026
106527513
23500348
1130
6949
26136953
105722666
83938
102134738
104019315
5184752
102777547
12317
106614870
9117262
6533515
146167
106155264
105233299
103201308
20244411
8233108
23108913
992455
712220
105813351
103080158
105191515
23682
