6402
2947612
2947614
84433
1364
105399026
403586
291000
1493
20307
490463
2947613
102040483
5729
2947607
2947685
103207344
6387
10333
104476684
2947684
2947629
65986
18566
406947
101959547
101641980
6278
101417428
20750
7096
100933964
1959
2922
35129
105463125
4803
102441457
5017
102561799
102687427
105687587
642
2947711
2947615
387129
3903
101950160
100670761
8764
20344
102272839
16193
3688
2947605
53603
104568597
2947638
16664
2720
7919
2947726
104501761
2947635
16171
19373
2947724
101679589
1026
100881455
6280
102932308
7099
106484334
3598
3484
14825
105480940
104680433
22861
3440
101069618
2947649
2947650
102738941
2947621
102533222
100872683
3627
101871513
1437
14764
607671
218624
6318
1543
100962309
142980
2947690
2947701
1828
14126
149018
102914623
1394
21333
4318
23197
79755
106891558
3106
2947696
104522847
117188
2947703
388697
102107895
611780
2171
22329
100644857
101141276
1268
2947686
3690
2947616
56477
2947644
9092
100221390
2947626
12365
9415
102672801
8862
2947608
3117
104293726
16189
734096
2947653
76577
57105
104550153
104151093
81858
3581
9235
58985
10111
335
6369
3329
19
2947642
13645
489102
103804372
84890
4282
2947645
20248
100482513
443943
104280837
13051
10367
2947723
101407607
365567
2947606
100554976
5468
21939
7345
100767643
5203
16173
2947641
6036
103769920
1786
6778
14063
16185
114609
2947665
4852
5465
493048
129446
102397823
929
1240
101539689
12310
114548
16854
20295
3493
2947687
18439
103006436
497596
84283
107085995
55894
80332
117159
2947676
104467820
2947728
3661
283748
26496
101627237
101823127
16819
2947682
12802
6037
2947609
70789
104025023
24088
2947710
56910
5196
3119
20312
999
6352
7538
104993357
6696
3567
2947681
79971
6363
12479
17201
102050096
79180
2615
9882
2947713
19697
7148
6863
104838960
5650
2947714
3105
2947658
103373811
5553
14125
102762818
2947610
103566884
2947709
12671
1673
2207
2947727
2947637
13034
2947688
3458
3356
4314
101117757
3691
2947657
5089
9021
462289
18126
101384903
2947694
196
3566
105834351
341
100985936
2947725
1839
2947654
5097
338322
3553
21847
20351
404203
6362
101032343
103075382
2206
4153
2947702
6915
388698
2947674
102157111
103272196
2023
11421
406938
1956
2947628
9173
9076
103391464
81704
2947712
2947699
383
71913
102840279
1520
20339
100068860
104319786
6774
19696
609423
100619505
2947673
18129
50943
106025
7052
2947679
1672
27178
7422
2947719
7442
2947664
2947617
110067
2947624
114477
1388
105027875
103904338
2833
8784
101910795
51806
22900
2947655
3600
6403
106921772
100310755
728045
6367
3497
30955
246788
2947678
2947691
10758
64069
796
101325540
11213
14131
56603
10344
1591
133396
100302725
11806
104083453
2205
5856341
64109
104303921
13649
2947620
339400
7432
100122905
105546730
64806
7454
151887
107144706
100132285
105726814
2947683
104354958
836
84518
20304
2069
5173
2947672
767948
102849306
3586
282618
4914
2947693
59277
100540084
2826
2947732
104130657
20181
101480335
103532864
353144
10800
11005
6532
2947647
10371
246278
2150
2947716
7076
103287127
79924
2944
102070637
8837
103664461
2947695
15368
1803
162514
101018928
106533589
57162
106852993
106953476
101812116
3803
1571
14246
103764878
4087
20331
2947705
2947668
3576
107111537
706
268973
104630124
105099572
126
2947660
22845
110066
64332
12267
8626
225642
3554
104251421
448795
7124
104689527
105206203
9180
56946
2947619
2947662
3570
3660
100087303
100523721
3269
3575
416225
1232
3593
193034
104370395
702555
2950
100455033
3716
2947639
6610
4922
18128
10135
64127
3665
20310
2947622
106821922
104506799
6786
16414
4014
2947730
2947715
1524
103245029
10062
627
101283634
3557
84876
7225
8740
2947675
22259
2947698
16198
2947689
105293524
101927260
19401
19224
1233
15566
3565
2947631
944
2947677
106548124
2947722
2947627
5664
104041195
943
59340
1510
2947704
7053
3713
51131
6698
3597
14462
8644
102384001
101584150
791242
101159831
1277973
125
102
103186952
8995
102962827
27032
103817356
11251
64919
100132594
102457761
58484
15978
101346629
102984823
7421
20301
2947708
3909
7097
11127
6282
9333
2947731
7515
18976
16165
104544799
23581
3176
104018945
106744886
104155565
1910
277328
2947640
102014015
8288
151188
2952
102776530
2947733
1832
2947692
17199
23274
103604394
100710930
10665
353143
15930
106604109
101792513
217
59067
106032878
106612308
6614583
4088
406986
104358892
105930704
104336733
106975397
8055851
102347426
2312
104614640
6376
6361
8742
2947618
2947700
104065566
3595
11136
57302
50615
3603
3162
25248
5663
102896893
101081952
302
102181490
2947661
100302281
3592
50604
16150
6529608
83737
920
2947636
5168
85480
64600
9
2947656
149233
343641
102205084
2947625
13505
20852
103924899
820
8809
63940
5966
16163
102142125
6772
2947721
2947697
22339
104392573
105581702
102261469
602
100740772
2947643
841
3689
4666
8192
597
6732709
3717
16000
103470864
2947717
77125
76399
2947611
718
4804
2947652
2947666
128
5329
2947718
2947707
3606
102320701
11491
27189
6307
2947663
2947670
445454
105515109
2947604
3594
25939
4650
1392
100532737
213
3350
104407889
2947623
16153
19247
447002
57765
6357
100589032
3123
102512202
216233
6356
10850
13040
22891
5336
2947648
26762
2947651
7782
10
8878
2324
2947680
2947630
16995
3293231
3804
50616
7051
100385292
2947659
103114653
81793
3730
761
63951
12796
104944054
19015
102085026
12801
112744
7040
2947634
2947729
21926
102477212
2947706
1475
12458
2947632
3605
4283
2947667
4254
102310906
105880463
619552
105062055
353131
1269
104860830
101526083
6549230
2947671
117187
5970
26253
3559
1636
3107
6373
11168
104924221
101712781
3038
103144509
90865
103745397
8989
19353
6609
105463126
4689
27202
2947646
20346
105903423
18033
6368
291675
51192
105822506
2947720
18797
3578
101927774
2947633
20846
2947669
386653
103611452
483211
3552
2064
105187210
100352486
5328
12505
256076
8807
216
4313
12918
412414
6401
18707
102217988
3596
12266
6279
284382
