101284101
422166
100603908
102740674
60529
1896
101915715
12560
100496099
102979614
245527
105090654
102911407
101109291
101029002
326
100670518
3891
102482852
81607
999
102429449
102835113
128178
105586158
102133972
100395425
102891177
101804271
106544471
5818
101345879
101118670
101554668
60401
2706
100482463
7278
4791
103149624
100981577
100733998
6591
104491372
8313
104054338
102398477
100940946
23118
22061
653361
80326
103013484
102540926
103072191
102457252
8626
101931529
102035240
6885
105299649
101101768
103179099
100752833
102103378
104505049
2253
102286680
105525606
106045564
491935
102759353
100223063
102176987
104570040
103049943
101022968
22861
101101770
102060169
101838515
281405
101599626
10913
10804
457616
102950388
104145678
101971532
1914
104834855
104691276
101437993
22034
5317
3229
103230335
103925538
102038760
101099353
103197231
103681147
101367854
101402218
103535188
708177
6786
64065
1147
4790
102535360
344167
100550140
84876
79755
102085216
105403903
81704
51135
102103216
102325446
1913
101805789
4792
103256827
103112618
101991995
101386534
102185640
4038
101043907
100976789
100077476
101151013
421158
102116506
102922382
11083
100468306
105476691
101798848
473648
101947140
79977
102946408
103816559
1001
100222733
101999176
103232104
7189
710244
121391
51176
101528528
106493589
8517
100301324
105722992
102335010
104354628
104012916
103302956
103091291
102065422
102395900
103743141
104542594
101020000
100051894
102057310
100623590
102361088
5970
8820
101659900
101626178
101101771
100461789
296872
102987680
607140
102942653
100564914
3728
5728
101140930
105083717
101871422
105809527
101724616
101529895
65057
102460687
104306373
103767774
100355079
102011535
102073065
3265
1832
101564512
100435021
106860112
100505394
100400510
101673488
102522981
102377405
102243834
102577344
18033
7187
101834982
100764930
1301
101101769
103360406
101815884
101271909
101588452
102876754
101916602
101977194
105529590
102012608
104387842
100338080
102567363
3861
494373
117581
1536
103906150
100583273
107155689
101610919
103269545
105856847
13608
132884
100013844
102251816
104867746
104282583
101710101
616179
106895745
