27177
6385
100392523
102764546
22806
1364
101086698
100556503
1493
102837647
20773
6513
6775
26417
102755633
100453459
10318
19156098
1234
4092
103361454
332
100169686
104837002
5806
406991
105074113
102246061
105825415
101004997
6278
102105168
101146309
16592
477923
104405114
105533265
25333585
3934
9407
4803
102409117
170680
104541761
102830367
106528653
102396954
15461
106524924
21803
6703
106534004
19411791
7128
2706
3688
105146608
16193
104145163
5743
1142
17345
484949
16664
939
101139144
106513531
7157
103187290
6700
16171
15442
63870
105508284
102854851
102836794
105996160
177
107195805
6280
7099
3598
105016479
348
100555334
22861
1909
57115
105713657
106523320
104730839
20204051
353142
103010159
104932931
10963
6584
53832
101887179
8061
100126437
1543
100270673
407008
100391770
2641
1843
101610031
101953918
102692285
100759624
1394
101686386
103550821
100927530
102007823
100657792
4318
79755
19200621
9532504
9692
146722
3106
4792
407035
6705
100725223
102024627
947
1021
101840882
2171
2896
103088037
104425281
11283
50706
100717084
25053086
104037460
101129976
79092
100036014
100683046
1401
4804042
207
387082
9560
958
9860
106982509
5980
103727955
101609318
57390
101275580
3117
53833
57105
643749
836882
838
58985
10111
105705482
4855
7424
11322
102038180
6231
10855
100601183
105019382
4282
326624
396560
101403389
7430
102829565
10456
821686
8795
104371744
6348
101242711
105009727
106886683
5468
2266
102273328
103255335
101071872
100035454
101651605
101976757
9582
90134
20866
102190123
2243
105756955
407007
100486829
514409
57783
6773
102956887
100427546
5465
9958
103606647
102819901
929
100529053
1240
107039164
114548
9252
102180059
103813137
103739841
7248
101516119
574449
106584205
104875736
20343238
6364
1312
16667
100035453
102858334
80332
19184063
728045
283748
3118
51588
6964
103274288
102381973
8651
105513941
253559
70789
19256435
100955958
105937159
4258
282617
55390
102458956
101816935
100659987
18126390
101707906
5918
1159
27179
107160448
102838130
105564704
102831667
9436
3119
6696
3315
100995683
5196
3438
132014
102911080
17096
79971
105709868
629
121227
101539125
20297
857
26525
2615
861
6615
7148
6863
102064668
106030566
101878861
102459016
106902222
3105
102509072
20181614
51752
6050478
101835298
24527521
105600011
2532
100345743
847
10866
102504731
1673
3657809
3663
84868
6706
6535
3458
3356
729163
146206
6285
1041
101114619
9021
5486887
104292481
254240
196
1235
3683
1839
285626
101043609
102325944
103665017
102439590
3553
102181056
404203
21687
23411
16177
100506658
102946581
4843
101583695
6868
4153
100026843
5595
4851
6891
388698
3133
106454012
832
114771
4790
406938
9368
9076
101559638
105546680
100035452
106966626
104873191
102000446
103606653
102146357
102833807
103000424
101779668
2475
257630
406912
101968801
100348579
26239723
101638953
3126
27074
105483524
7132
102817227
31366
140454
6774
6351
5018420
714607
68151
503613
100979351
102148768
18813054
6869
102815820
106824345
50943
6275
102073508
102844097
9825
6590716
3397
102831175
2740
102851913
16453
1366
100190633
55054
27178
7422
7442
110067
105066392
1388
105498632
103221797
386463
64135
100130889
3659
7133
148738
8993
3600
407006
12753
6336
105583598
6707
246779
5513676
1906
105899461
102942774
9966
102817609
7940
102225529
10758
105087482
796
309
16181
28988
102822865
10344
102829290
101144434
79068
339105
101740701
101542627
3725
19264
105857589
55024
100891453
5617
14824
105692817
105858179
102928696
7082
4929
323870
682
101426837
3872
102787968
5744
3490
836
147138
105088524
2215
106132323
3586
102539385
102447294
19412225
8797
59289
104162386
2826
6404
103395501
58191
105996970
353144
553103
103920792
4018
6532
102534479
10371
2150
10631
100543204
100559628
3569
3135
2944
105455766
4478
11517954
5184
1803
3952
8876
6366
23765
3902
100035451
101341272
124626
101938847
101616905
422597
101272775
2876
3662
64478
106694714
3576
706
171580
27087
101441758
101131220
7220071
102828629
4288
101528523
110066
101553215
101725645
102839228
8626
5696
100075490
104650363
102861935
102049854
3554
7124
3240
84648
105189960
56946
103110942
100462897
3570
3660
5467
105014705
100057538
25052731
106292268
8501804
100472093
3593
105005424
254887
105817307
3672
104318034
104504976
100616258
7297
100035706
102973613
104717679
3726
105546536
26875
102481641
100762553
101793392
7334
106723544
4922
10135
64127
106837462
831
102093242
16414
6701
4982
101997710
83430
4014
105426994
17878702
8973
101620455
1524
1152
4524
3557
81501
107185030
721
56300
22912328
100169750
101153575
163778
2146
1991
5687
25120524
3565
84561
944
6194827
103274285
106031435
102865457
102277402
5268
103200222
106579287
197
667
6257
4012
241
943
100996023
2902
59340
100893142
101417959
6698
103776345
1136
103119018
3597
103299941
400957
4846
66004
4312
103205960
5919
2908
101362859
103221798
104674218
7889
57521
15978
100126436
3806
7421
101137577
5594
420197
20296
7097
3956
100711797
9333
100604586
9370
155140
6965
5653
100392156
1910
101109396
105698995
8600
104391903
22954
104983472
6382
406911
353143
746909
1138
63869
7474
15930
10663
101132781
100662711
59067
13404177
3280
407039
23861775
246778
406986
574074
5068
6376
2312
104722381
4321
8742
6361
6890
106748524
388372
16182
51561
19968426
107040683
103926220
103237031
26151
5920
50604
106733973
6590
105275045
26018
30835
102828213
20037506
93672
105018629
102250282
105930980
9
57757
102333157
149233
10616
104666213
6462
3868
2034
406979
820
7046
200315
26735016
5966
102868095
8809
101549454
106563289
6424
103300487
103160248
5460
6036294
1012
4267
6790
102827472
752819
102118088
5590
104921405
9305727
11009
3689
103054001
100271719
50929
3558
4791
102283114
720
57217
729230
20379
57727
75766
103540790
54620
718
1021828
195814
102841860
10666
19157057
105891349
3606
11491
101098223
912
27189
6307
106568873
105982746
101921408
11197
54535
308578
21937
294520
760
1392
8778
5444
101809657
106998954
100337640
102945018
6317
101795856
2308
101139807
3123
26269767
26413
5698
7707
13401924
10850
5176
54901
100966080
8743
100227066
8718
359825
100480819
103427682
102875850
10
441108
170679
102478620
6645249
102834499
105100190
2324
1143
1514
50616
57511
102404279
8792
103077041
130367
100126438
686254
8771
462554
424389
101687501
7001
7078
102821127
1236
100507436
55905
701009
19015
281760
102959234
112744
4853
3146
7040
110157
3822
130340
101137226
101014078
55600
4049
406913
100036015
21926
16476
55350
26191
6583
100270712
1475
103661379
107067426
5290
12458
100126439
104033336
3605
105846753
5950
105016045
100439765
100682937
105600010
102898887
239
406992
104870577
100604915
353131
6704
3091
9436696
5970
324205
101621380
101365660
1636
3107
101872255
19193353
788684
6347
11168
1116
106829080
102563171
102840824
2719545
105300358
596
406935
90865
1238
101408892
56729
23315
2162
105737643
2244
8986
6699
5266
2621
65245
23586
1373
19190615
100526754
21402617
20668
374
9212
102130641
103004332
103052764
57178
6648
54721
57292
100439035
103597756
145264
10547
4313
3596
105250093
29113
959
6279
