57817
100586128
102149028
103229613
105273582
107150230
104034244
104686254
3240
101838201
102747988
104382437
106977457
467541
103017846
100065191
100008980
103608542
100346690
101938951
480425
101089197
104479252
102475074
105095617
26258
101959979
107144704
104377763
100761678
102684797
556938
107150288
443462
467544
106504546
102965356
102330733
102289563
321195
390502
5267
102871113
101575458
100764848
102917133
5345
104394172
102068016
101423918
107205503
104263897
101840257
101344757
105399861
102371045
105518509
107135032
104251656
103072873
101151888
106977459
102241471
103826449
103302522
101718737
101991777
103527366
102020957
100357709
101381029
784932
100937118
106858043
105721290
105467489
104494335
104072081
104841890
102088134
102493237
102389286
102504930
101003995
101993087
102441084
102185401
102526709
104127816
101810473
101836095
102067706
100621494
100228673
102567253
100671365
102931769
104403763
103200100
104353722
20714
100389091
102091381
102963900
102440154
101366155
105518510
104343301
103737722
103229617
101119509
106825413
107111313
105547923
100328621
423435
100008973
103766529
106483126
106858054
103900182
100480212
101568576
102874350
100272170
105984607
338917
104541249
65051
103900183
101150920
396685
100585811
103212585
103232441
100584018
103737719
106483078
100563314
106585699
102455909
102221872
101976399
327657
101804095
102411078
1080
102138798
104272202
103737720
100478664
104157414
101073758
102055714
101063034
100721110
105892960
101158815
100585221
102842435
105721271
101876729
100156325
101931445
101629003
102238599
145264
20715
104031001
701483
102690176
447118
102516956
101373206
102327962
100155953
102318523
101525824
102457230
103612138
101840794
5657
101330155
107081198
105819046
102172209
105992775
101406319
566630
105571627
100706454
106694990
101710127
102055028
100481675
6928
12
104359841
101629460
104053413
100993474
101865984
183
102565901
100991734
106977461
107114093
102325573
104495365
102327227
102566376
101933012
100359259
102282080
100065370
102913236
103826888
101992242
104472513
101611323
106825405
105523514
102833456
105756295
5104
102495580
102526193
105596620
104331553
103125157
102871520
104640041
103149677
102020610
104851828
104537458
104522511
105399859
105596622
101809980
101700129
101571839
101088938
102288173
102875154
104559448
100135614
101575844
106483125
104532360
101611902
103748548
101708823
103001294
100358221
104628165
101717918
105259609
105936996
102174291
106825333
103669765
100413803
102474658
102746511
105547921
104322859
467543
106658311
103603618
100563120
101330421
396736
100990043
104541247
397792
104331502
104283428
103094055
101868371
106033766
107315246
107150252
11005
103782686
101933271
103083088
467542
104028620
101119257
4960931
701121
101329058
105305153
101151276
104985852
101958160
104856813
104014826
102370638
102999816
102410174
101004351
102526448
100560417
101610741
103457796
100992646
101525348
103923938
102875569
102369647
106608112
104517273
104679071
102325929
107205501
102280489
104034245
505820
104306881
105721272
107150270
105467500
777604
101367019
103229609
101661580
100761387
104561410
104651536
100761965
100672228
104679069
104911228
100488834
104851829
101916828
104014799
102280207
103033541
104073879
617667
102411401
104319184
102440783
103185420
105305154
104555400
107049127
5265
102282004
101653519
101407083
100478918
102880221
106483079
102936902
102020287
105819048
103911082
104508779
690311
102137796
102870299
101613270
106988880
100229618
104518728
103748556
105096107
103083631
490838
102933737
104514111
102443854
105721288
104347627
101963508
103302517
103200101
314406
101406053
100943123
102375061
107300764
101150544
104634812
101988852
101673183
101916659
612381
100991379
105596627
7018
102021280
104057805
102330361
101037907
104014825
9695
102399391
101992344
101647766
100379266
701361
101149586
104513727
101406814
331535
103673670
104985844
497203
103302509
101841330
105982694
20703
106036370
104331503
104679072
103612135
104283427
102505449
104985851
104157411
104127803
101147918
6280
772339
5270
103544205
104046315
107114092
104686244
102893714
102567291
100586470
106947497
102865706
101003644
101791174
106977446
104053139
106637624
104367448
700439
102494208
103022745
100960125
104479249
101373497
102894114
286804
101921011
362774
103118859
105080003
103826450
105518505
103673724
100008986
101100545
100604083
102767222
103795906
105079899
104127800
104413691
103082359
101958737
101810295
100770740
105075864
101442143
101001659
102067522
104257780
102479883
102527756
104932753
103250402
103380731
71907
105810823
107152416
104688718
60528
5617
104394174
103543148
102999271
105892963
105305152
104367447
101837132
513746
102326507
105306075
106897074
101117146
104679075
102276041
101344953
16625
102112172
102894368
102422074
100358746
104274140
104636522
101439964
101615284
101673481
105547922
101853729
104169155
105892962
107205500
106033760
100387282
103041885
102767510
102104025
106840490
105095641
106504545
102506482
104985854
101530282
102913543
701846
101407705
102730633
104403762
101837937
102055371
102456985
481007
102545262
354
104153756
104851832
102920784
104283360
103669749
101274375
102142784
20716
100764251
102140513
102134991
101629234
101275115
100479422
100560613
104306325
256394
5654
102949367
106897145
3077
20701
101542573
105986455
104580906
101933557
100763955
102328316
107315244
564060
101039064
1241
105596624
103612134
155030
105467499
102964485
101717359
104057804
102915717
101840529
101530529
105467491
102842813
100024653
103527769
105305155
103265384
106921719
103361337
101627406
104153758
104628164
101803775
100544713
5271
104153759
105819036
397125
102768365
101366436
103806487
100065308
100157117
105856771
102375544
106097902
101967087
103826452
101081642
101525593
101837407
101004922
100388369
791587
105399857
102987244
107315243
105467493
107301543
107097361
107315245
104157413
104317202
105547917
105819063
105856778
107150222
100379265
103888560
100481925
100053600
105547926
106897149
103229619
101868540
101366731
102040760
102864498
104958581
104841893
102964774
104668891
100563702
101345710
102055546
100356935
105984726
103302521
100171544
100356676
101683277
102269727
101973017
101628537
104028621
103367617
397688
102389600
100706723
105856773
102041039
104532362
100765747
106143812
105399858
102931543
24648
103000652
103302515
100148906
102186282
101809259
104458573
104377765
462
20717
101407627
100153513
101989607
102690581
105079900
104537459
105596634
105856768
102456742
105856770
379963
102567525
102312254
104353712
103229620
101652575
104279249
5273
104283357
101002028
3658
104002149
104472512
100595468
68348
322701
104367449
100730068
107144711
24794
100080470
102830046
100931899
5054
101675610
102289849
100404462
103200127
100664453
103669781
103560121
105596633
102239426
100759896
104479247
104493257
100564098
866
423436
104014800
101610461
104153757
105941506
103748555
101672240
101054388
102766940
103923949
24593540
104153762
104628162
103770936
103737723
101075645
101719070
105866180
104479248
690319
102173891
102864908
490840
104508781
105518508
25358040
106524056
101568174
100145012
89876
101991036
105986366
103673689
102996989
102239741
101080642
102390152
104628163
103300435
101036735
56547
103806484
105518511
101719778
103305921
102240043
103600642
101036409
101364949
3500
105596625
101595442
101269662
373636
104382438
102280970
106520101
102566804
101407969
102012583
102138431
100560217
103603615
105986464
2
100919984
155971
102263957
104472516
101526068
102091201
102281536
100714351
107166783
101837671
100928757
102068558
480422
6927
104851831
101424656
104851833
102375293
104331552
467618
105499704
100357192
100542070
100272171
449799
102830430
104169156
101406564
102567070
104057762
104364512
105547918
107144696
100008605
103673713
105006329
105547916
103265386
104563138
103527758
100985000
103774381
101803572
104051789
104679076
101629375
102914483
105721289
480424
105853170
103527377
103264911
338050
104580908
100351289
103900303
102206236
101081145
106455919
101080897
101345453
104501041
102429135
102747108
21926
16153
101011547
102988100
100390613
102021597
105095569
106017690
710
103265383
104679073
103886458
101118224
102103850
100960454
102508801
100959206
104377764
100394774
104541248
100766333
102103481
104272203
6906
102369915
102441387
101044646
105079901
574106
104679077
102456319
100225789
107135269
100389823
453133
102443612
102375789
100720020
105079895
103748547
103200129
101809793
104394173
191570
103361325
105467486
101328772
100562920
100065158
101008160
100959841
3162
100620680
105819045
100479170
100089477
701708
106628067
102912709
102091752
103081813
102494886
106832398
3053
102505199
100358486
106513824
101958459
103250403
103200099
104580903
7161
104331501
102172943
105984668
707962
105866181
101525103
100388006
103612137
101661256
101150185
106858035
104075215
103041583
101916488
104153760
102747698
100724253
106483136
453131
105079894
106977455
104051791
102920046
101976685
100610228
102912066
100542224
103766534
100586800
100137107
103766531
105547925
396686
103200128
102913855
102174166
1215
101330711
103000368
102506231
104624738
104560700
106825414
396684
105518506
104841888
100086374
104394176
105596626
104319183
102797598
100172119
102892883
101990747
101081390
101440399
100672516
103056874
105467494
105856776
105883775
299279
105984484
7124
102745904
101530772
101466770
101576240
102171661
101063850
102937127
101575061
105305169
107197708
104628166
104985846
701220
104127799
103668925
101399539
101365253
102205952
102498472
102238925
102415968
105089022
101652893
1136
101836873
101274868
106897147
101466493
103770935
102776590
104014798
268591
103766535
102917436
106977456
103766533
103398029
107302069
100458476
105856775
106036374
102014492
106977450
103923940
100544555
103826887
106002538
103603614
105079904
103923937
104274142
104073878
100909605
106033756
423433
105095607
101111083
5274
104686239
102933968
102443359
102331088
702078
105737992
100189861
103770938
103608543
101148090
100455945
106483128
102500344
104403764
105467497
100480426
103229608
101038224
101147204
101841062
100727548
101992057
480423
101876561
106036355
107150190
100942810
101653832
102047349
106551985
104579626
102746809
104494334
100017441
107134779
105819062
496632
105079897
102986488
100445447
107116428
4792
105603227
103603609
101672895
105095634
101524870
102965806
101269424
105819056
102976945
2828055
103250404
100172888
100356417
105095651
101271166
101365562
103527748
101835835
5053
100920247
103229615
104563139
102915408
106483127
104306874
105518507
103673677
101561020
102474225
105547920
105892974
101076095
105079903
100394053
101916320
106551983
105819050
7276
102789805
106977460
102091562
538280
104841889
101345202
104306873
106858044
101002601
102527485
101989317
3577
100974005
106832399
100024568
103582454
102331911
423434
106552215
100136095
103609638
103806485
101038540
106725196
103612133
299274
100388730
103900184
104985849
100960146
20702
102068200
100220049
81806
101628076
102566140
105721294
102766658
104841891
101931719
612386
68054
102440471
104521396
102916027
100480928
104256846
103250401
100671650
101118733
100563900
105518503
105721287
101990278
100481424
105596621
103809960
1991
102041207
101790996
465791
102320287
20700
102851834
105536380
103766530
100764548
282518
103229614
102830800
105983377
104073877
107125071
102831179
105819035
102136648
20704
100065007
104256845
100992073
80267
299270
101418827
17381
101674514
106897146
100153899
101154167
103809961
100065068
102370152
102965075
102041724
103911083
103302516
55829
105892961
106858053
104479250
101081903
104319185
103750072
105856774
104127802
280699
102505974
102140041
102134394
102415073
103900186
595085
105399863
100726710
102567485
238393
24795
104985845
102527225
104580907
104394203
103118892
102006287
102495980
103158570
100959522
104472517
103229611
105095597
100674536
100087033
100061538
103128406
104859206
104640039
101916147
105518504
100173860
1511
102243641
55741
101675098
103806488
105467485
443388
102567032
104283356
103345931
104851826
104679068
615103
628900
104394202
101543456
