23844
154043
246778
89804
329244
553145
4524
51397
3360
64127
50616
22163
6356
18803
16177
1385
3803
2555
57706
1499
7991
6401
51738
57320
64469
6403
57152
20302
5791
1277
544561
6648
2561
7049
2952
16176
55619
952
728
142
79661
64218
119391
406938
544565
3557
142980
13198
239337
2206
24680
5152
4088
10148
5789
544573
57277
5742
23765
6361
15376
1545
544593
5624
2869
1942
4855
3066
13614
77480
3620
59340
4162
7839
338374
5999
101928284
3115
11847
3117
114548
22355
3688
2512
94103
544590
7442
1072
60533
16534
4790
81793
26397
15251
6095
16198
114715
2625
3690
74055
65154
64375
12771
4615
23308
5734
64478
24099
12773
11127
17127
6367
11541
116558
256076
314322
4586
54167
94195
3568
999
65986
12310
93210
4842
5777
15289
6364
5089
10085
64115
544587
3631
171024
2289
64881
170780
50723
20852
1901
21899
149233
7448
7099
16189
544562
135
16159
12443
1436
1080
4153
4878
58491
15466
17194
9
92675
6362
319430
4613
15945
19225
19735
21946
3586
20848
5733
5144
2827869
79626
3321
847
60421
17966
6375
3603
4313
1191
2208
192343
3133
653509
25123
5172
23795
80334
170743
3559
50604
12550
240
6662
20248
2247
17874
20344
21672
57260
2833
9092
942
12981
2549
89807
23274
26420
10267
109934
10800
284110
9201
1051
6863
544574
54578
14462
7818
64422
10344
7293
11829
2335
17096
544568
21857
544594
1495
24497
29397
117
50507
544603
48
24617
18033
6775
1577
131566
2162
3659
103611079
4360
11005
3702
3779
14255
225192
271639
16173
623
3691
4589
6346
19252
1728
2192
26410
21808
253461
79148
112744
57914
29577
22029
27181
4638
8764
3963
544578
544601
51141
5029
53314
7145
9663
7422
4087
5055
16184
2212
20849
23643
2066
114681
17001
22287
3359
13982
16797
16190
1910
13449
3091
16428
574355
3581
30009
102521043
5444
820
20850
14103
29875
13819
301289
5265
3075
29126
6490
20304
100135496
169026
11213
1557
79788
101060400
116554
29151
544582
216869
3123
26416
12359
21941
57262
51311
59067
11450
596
544566
3119
6493
50929
50943
20846
277328
4593
22807
8809
13032
2052
108723
8807
16449
729230
54494
331
8482
69219
16429
51130
16859
26565
2205
1179
7148
720
21336
16165
4852
719
64499
50931
21950
25823
6280
544589
5270
59086
12702
553144
11846
929
23596
20390
595
3497
311425
177
544591
56729
118856
7052
3565
65217
17395
64805
4056
22841
159989
171285
10318
3605
66612
51801
335
1958
80332
1233
301059
12703
7096
2534
27007
6778
544596
6441
16193
920
27261
100188801
91461
494214
3805
15377
1278
6318
100415896
232889
6647
16407
387176
3676
54434
29119
100188823
20315
1012
109648
9690
3597
3689
544595
683
3572
544586
3074
3624
8399
102657
544583
4602
50669
27159
10111
56244
134430
4214
7178
10631
3791
216033
659
102724802
6876
56253
12311
178
544563
54544
7048
3578
3956
6385
3118
4908
17394
4321
22339
57783
23430
57628
21898
4846
19224
27306
5321
11830
100101935
283463
10538
10392
25240
29180
109520
15978
53978
7076
10253
16171
222256
3176
6696
354
4254
20202
84864
154
8767
5320
4843
16971
6037
220107
1535
134
1493
23108
1234
6354
25406
553142
23189
54210
4306
5027
2615
7046
155
11687
544584
6369
9021
246
30955
163486
7082
18636
22329
56934
25769
1241
11770
13861
54875
51131
91584
3171
56221
19016
16164
16476
1395
544585
20210
26135
14056
84350
64756
5594
671
255061
19211
6776
3662
16160
406967
6387
684
544581
201229
12765
286046
3953
9958
1312
3458
1017
10451
25241
4660
5606
406913
22248
5169
544579
6584
83430
17390
12766
3439
16181
12374
7177
17126
441108
20306
8490
3552
54366
5329
3965
30
4289
3592
2624
7097
1501
20371
20296
7515
2532
115352
284366
664707
7080
9173
2323
3958
2908
9655
12367
14682
4035
90
4282
7032
12776
2572
11501
6352
2792
81600
7042
5168
22979
4353
3606
20387
4909
381319
1653
1672
285
386653
5338
64109
57765
4318
6317
553147
4780
5595
29949
2150
8743
57419
1116
3569
3567
1118
9450
3269
6862
4986
1906
21936
11315
7782
1576
3804
544434
960
16398
20750
5054
3111
100132285
3560
16191
5997
9474
58826
23224
117156
55540
241
12477
7020899
3554
11555
26010
5037
1440
6534
15200
14256
2017
3142
3371
12774
125
16891
21817
29731
20292
3478
2113
4316
16163
6440
117158
60495
91137
1131
5328
1401
21803
1636
193034
11826
310553
387164
101
51232
3570
544441
6915
3909
79987
58217
17304
387129
11475
21940
124626
6793
80380
24835
11251
3122
5578
171528
4082
26762
19
69816
8740
544576
107607
544575
598
11540
6349
338811
4774
21923
1490
303496
284
9415
3623
209590
544564
958
6879
5048
3815
6279
5627
16185
2745
109
11828
11545
7100
55876
2638
12504
3600
1573
6712
1369
544602
940
13433
302
100188840
7941
3558
6866
21926
16153
7295
25890
10333
2729
796
544580
544592
7421
11350
22891
723891
94185
12322
53603
3124
658
6904
6532
58950
29260
1388
22806
140806
11689
9370
3291
5563
12273
13448
3562
544317
15368
6036
9213
6538
5468
3162
12487
19013
841
84666
17082
58206
406947
10301
84868
1486105
3356
56477
12772
2944
2332
29851
113263
1843
115
3833
58861
2571
286
3596
83888
20851
4057
8795
57105
7412
257630
4049
6774
6348
7356
225471
20963
4048
21333
18761
18979
544423
20201
1215
544567
5367
17480
404744
1956
3598
1122
114680
3576
2938
544570
25496
7850
2312
3329
8644
6359
15558
60504
116553
59285
7124
24494
8651
54720
544597
16364
5732
51191
216799
5729
3579
544569
136227
10019
414764
4352
1136
269180
727
12362
10
1128
24772
23985
2152
356
836
5950
1373
3627
25464
115727
168090
348
161742
544599
5588
10399
1138
5743
12576
544572
7498
3383
406979
171283
64072
22059
25
22164
115019
4803
29106
56946
1139
12064
3113
594857
1950
51393
83852
55600
627
22694
374
56183
3486
682837
581
11596
544560
544577
7040
90627
9094
4792
4052
5592
77125
3037
81897
64806
85480
857
7091
91937
6262
196
16913
3952
12524
5008
1359
170679
5744
64399
843
50940
6347
544598
18439
6590
101929231
51284
3914
21930
7184
1230
10911
16995
24088
14939
51088
544571
149628
160851
100
3577
85471
26953
200159
16854
84991
6556
56413
50498
544425
544440
80762
10673
11910
6583
7852
16009
3135
57506
6773
64386
488
3553
553146
544588
51297
22371
10665
28977
1991
544446
350
128
9668
23418
23768
1129
3918
2358
23194
401190
4629
652980
6965
5097
544600
6285
3593
2950
282618
4668
17381
6701
18188
939
899104
14058
20259
5728
747277
5581
390260
718
1232
5175
90865
2181
1543
3574
161835
16590
28639
727896
54106
12655
14764
25253
22353
27250
387
3146
5160
23495
5660
4312
15139
846
969
3716
17907
13649
3566
55636
101928940
864
246779
51135
58919
24493
384
7292
5101
383
1524
7094
133
18787
17833
963
80333
