
25004666
25004256
104523009
25001346
25003172
25005607
25789869
101564242
107085046
25399613
103899239
451056
104524769
25001717
105695757
9675602
25004296
25004604
25004387
25001273
25003855
25001356
25005554
25003410
100120739
25002829
106088553
25005280
25005790
105453938
25002183
25001665
25005577
5934955
103359059
25003060
25002915
25002007
13917230
25005647
104800842
105533272
25002292
25001810
25001782
25003328
25003873
25005720
25003504
801
25005684
13917272
25001899
25002635
9812084
18809393
25002295
106661463
13917234
25004535
25001302
105838070
25286297
25001503
25004166
25002323
25004698
25005122
25003536
25003244
100776443
25003489
105288472
25005808
25004422
135
25003122
4153
25005768
25004615
25002672
25002087
25005031
104888317
25004003
17892526
25001201
657021
25001195
25004248
101341250
102590475
25003935
25002733
106299945
100071788
100135647
25004189
25003507
240
25002469
100915705
104471688
25003616
25005725
18799502
106854857
25004873
103483408
25005338
8083425
102413117
25005110
25003327
25002423
13917290
25002615
25001466
25005194
25005189
103081284
103475270
25005264
18618365
25001629
25002688
25003758
25004488
105935467
8201095
25003574
105458281
25005825
3510082
25002194
102681300
25002899
25002391
25002682
25004793
4704127
25001468
25005565
100902606
25002931
19264695
101041952
25004867
25003556
25004943
25005854
25001698
6548804
25005139
6569865
6340
100650642
25001797
102950067
25002600
25005175
25002275
104135094
100294973
25005115
13917241
25002656
25003859
25005878
25002382
19956962
25002049
25005237
25004763
25003383
5045
25004435
106639378
25002862
25002810
25003982
81537
25004753
104606441
102378446
25004229
25001774
25003788
25002924
103466172
102264773
25002826
103193181
25002337
25002558
3511097
25003235
10506074
25003906
25003908
25005657
18740149
100966549
25003153
7232093
25002108
25004327
103192009
105386990
25002675
2869298
20657989
25002863
3414196
26272341
2875786
103534606
24410832
104766607
6441
25005403
25005473
25003781
7834059
25001187
25001937
6628903
25001461
100354688
106948429
105367932
11410684
25001433
102335765
25005794
25004908
25001898
106647729
18169800
25003270
481813
101761091
100066941
25003271
25005166
25004540
20526878
102369471
25003611
25005631
101074046
5512980
102398037
100809063
25001266
493042
25003955
101417154
25005783
25003006
25002333
25004996
25003954
6733705
25005015
25002563
3877256
8497541
20181348
25004042
25001517
25004010
25003289
493043
25002480
25005817
25004626
25001545
25002457
25001390
103462208
19974371
4585
25005476
25002234
106042053
5128856
6337
100892057
18768484
25001167
25004942
105935473
100163600
106900251
25002339
25005514
25004806
103859497
186
25004508
25004330
100880330
25005095
25004096
25004627
25003283
103292741
25002725
25005258
25001746
3403737
20177286
103176068
25005760
25003264
8055713
107036166
102854227
25002713
25005612
13917312
106672227
170924
6011656
9589391
16952
25004909
25004980
103758243
25002215
25002071
25004946
25004685
103334401
25004764
25004152
25004679
25002942
103530085
25002665
19401315
25001784
9636063
5567254
25002870
25003137
25003789
25002991
25004876
25004542
102183626
101776211
8097989
101412744
104786303
23886518
25005675
25004453
25004585
1131
25002387
25002080
104054874
24411592
20081895
25003092
25002157
423072
25005680
25002311
104015634
25003114
7128
103732642
25004355
25005658
20074616
25003023
879357
107086746
14894052
25002435
25003018
102864119
25005420
25002542
25004802
13917254
25002995
25005157
25002312
25002447
25001431
25001407
25005062
104443959
25002751
5022485
107140944
25001535
25003823
104052490
25002922
25001714
102214203
660481
25789456
25005020
25002908
25003688
100862790
704326
25002735
25002439
25003448
104014400
106414699
25001580
5516625
25001313
25005505
7835029
25003251
100035757
101452619
4396475
25001383
25002945
25005243
101346801
25001320
102671280
105567454
100115935
25002281
25004066
25002360
25004917
101895852
25004499
25004022
25002133
25003097
25002329
6774
25002871
25003483
25001634
26247134
9666633
25005594
25001890
25001467
25003207
20201
7833725
353328
25003726
26305319
3576
106740843
104073178
105521508
25004990
25005578
25004516
104934185
25001336
103945685
102504762
25001922
6527703
105818869
101781364
101109626
25002470
106491648
25004912
25004344
25004082
25003143
5743
25005083
25002747
716552
25002969
100875722
25002689
25005150
103993146
25004191
291923
25002720
25003259
104773269
7025524
105673618
25003763
25004405
105063369
25002858
25005851
105783945
25005522
104425220
102437802
102618233
25004410
25001564
25002595
25004732
100717378
104548892
25003304
25003344
105083804
106542949
25005696
105426171
25004190
106764749
25005582
25001185
18738192
6751893
25005359
25001936
25003962
25003219
107144687
106637904
25002609
25002676
25005250
25005207
25002753
25001582
25005502
25004348
25004533
25003879
25003095
25005023
25005626
7369
105601884
105368132
25002196
25001355
25005488
25001181
25002326
25003617
25001884
25001678
25002026
25332459
25005286
104059110
25003501
20809228
25001616
25005291
25004112
9641710
25001741
100486085
102309803
25005097
25004970
104761679
105904752
25003343
24136543
103717193
25003000
25005654
25002449
25005199
25001524
3371810
25001342
25005593
25001761
25004805
102019791
100764394
6361
25001401
7834057
101115303
25002679
10809817
25003538
105764120
100078764
103673812
106575315
100841508
25005172
53827
11470024
25002782
25001645
4790
25003394
25005143
25003385
100955032
25001973
105691496
463674
25033148
105433568
25001848
25002242
8233128
100483483
104860664
25004097
25003391
25001475
13283393
25500427
25002851
25002533
25003881
25003502
25005538
25003418
104345446
100076112
10043
25004906
25002536
25004609
25004534
6362
25004572
25002043
25002494
25001170
105214620
19945736
25005408
25003804
25002358
9653420
20657493
25005700
6017073
25005131
25002166
103154045
103827026
20087992
25002430
25001362
8234056
25003639
511769
25005779
6096206
103624946
4980850
100874684
25004759
5567250
5509941
25001982
25005048
25004605
25005307
6772
102537400
8999313
23770
102743385
6614620
106580650
19886674
19396724
101659779
5576193
106943484
25005630
104443958
25001101
128674
107064586
17874530
25004360
13917286
9469216
25005894
25004797
25005154
478648
25004354
13917261
18162225
7455700
25004211
106584588
103218320
18433206
25005108
107026039
102401623
9961
100232363
107071604
102925633
25004810
100068696
23469440
25001964
25002481
4192
101957487
25004987
102340623
9657777
102904541
106680452
25003697
106151549
105021486
25005321
5971103
18593332
25003406
25003685
10134
25003653
4318279
25005001
25004841
105364882
25005521
105278042
8206779
25002685
6543425
25005299
25001704
13917317
25005218
25005569
25004740
25002694
25002167
23468146
6752443
1278
25001136
25002101
25003565
25005891
25002041
25002155
103575142
107154314
13917222
25001738
4802136
102207846
25005868
25001543
25003569
24134337
25003560
25004575
25003759
25004013
25005082
25003245
25001544
25003756
25003582
25002015
19276831
25001109
25004630
13917265
100919086
26266967
13917239
25005781
25004138
25003084
25004206
25002051
25002825
105798527
105278811
25005142
104318276
155
25002065
107093273
6634957
24123516
25002774
25002427
25005183
25005081
105231754
25003141
25002377
25001921
25005313
7834058
25004267
25005412
105837563
25005806
25004757
25004426
25004137
25003979
55894
25484197
103756070
25004253
100658108
25001370
13917240
25005819
104145961
106087325
25004241
25005572
25002127
101698079
25002088
101994520
102233523
25003942
25002608
102577355
25003585
107144405
7489801
25003072
19038788
25004621
18743578
25005054
102505972
106649269
18595437
25002503
9656540
104888312
25002290
25005735
102175509
104558737
25002648
25004404
103354605
25004982
25301719
105879980
6547855
25001472
25001321
25004555
20081205
25002145
25002543
25003382
25002004
25002443
25005300
25001946
25005564
25003769
103550601
3792
101902419
25001335
100710776
104873087
25005326
25002204
103179272
104309179
19307603
25399608
25004794
25001971
25005052
25005468
25005074
25002982
25003720
25399609
25002501
4838859
100260363
25003584
25004702
25005188
14887289
18849220
25002364
25002758
25002422
102332344
103452081
25001184
25001491
25002752
473275
100016458
7217424
101681504
103525363
18863772
25005823
25002006
25005537
7234761
25002765
25003508
25003298
104023339
25001323
25002128
25001647
100566117
25002591
102505716
25004780
25001625
25003134
25005597
104814535
106451978
25003280
2729
25003469
25001400
25001811
25004133
104366833
105952438
20077832
25002011
25004843
105039842
25004686
104856141
25004430
54200
18240736
13917295
25004028
19886455
25005221
25002218
25003987
25004860
100603084
105567460
17318863
13917252
25003991
25002927
107004027
101397048
25001828
25003008
25002459
25001198
101108321
13917262
25002768
14524876
18107885
20091020
26842790
25003909
25002938
20244567
25004061
25003369
8624976
25003338
25002658
103924329
100900752
18809288
25003277
101831516
103065696
25003257
25004215
25285134
25005182
25004196
25001310
25001639
105086002
478384
25005678
25003214
13917217
25004381
100125060
25005862
106612343
25004025
25002843
25004749
25004972
105621632
100245097
102308209
25005513
103295902
102966052
103055531
104327189
6196262
106740851
100415251
24409334
20172491
25003845
25001267
4583
25001681
25004565
25005384
25003034
25004914
25003826
8083426
105719998
25002511
104394692
9690597
25004052
100432077
25005458
25004901
25004365
100712200
25001865
104555115
25002797
25005613
25005452
26298
25002366
25005786
25002091
104636583
25004619
25005274
25002518
25399632
25002968
25001733
106400738
25003341
6994274
25005344
25005429
25003468
25003419
14891188
656937
25004158
25002028
102283634
105209430
25001106
103498928
5940748
25001173
25002388
25001945
25002165
25005137
25002684
25001994
2887520
25003262
101802252
24140574
25002683
101556770
25004390
104049962
104340437
25002606
20190535
104351295
100814850
104397304
25005669
20091982
25002354
25559
105214114
25002315
25001482
34148
25003778
25003920
25004798
25002860
25004785
18733280
106900937
102939250
25001808
6503400
25004676
19890760
101672484
100400129
18435001
106390484
101896539
25001508
25001760
25004368
25004228
105884764
25001756
25004616
25001825
25002556
25005044
50616
100049619
103922886
25001128
19948466
25003225
102313644
25005174
25001608
25788264
2952
25004402
25002800
103574836
25003558
25001254
25002411
25004960
100901200
7201683
100243221
19949321
421456
6563334
103179362
13917289
101495585
102064789
25001329
25003695
25005707
25003813
25001262
17362916
25003783
25001289
25003231
9641565
25005821
104167579
25001248
10188538
106400833
18908122
105231583
9223182
25003621
25003919
25005722
25001443
25005417
25003278
25003712
84876
102537878
105454936
103809667
19225
25004768
101743689
25002839
104568734
25004962
25005837
22897606
25985265
25003520
25001775
25003265
10517809
20808937
100922520
25001813
25004478
25003226
25004899
25004492
25004269
10801024
9321008
25005741
26246164
25001105
9590961
13917231
103849739
105683235
100603002
104883717
25004807
25005635
25002137
25005353
25001388
19113803
25005869
25002867
25002475
25003671
102250122
25001950
25004183
25001209
19298486
103476707
5029
25005018
25002847
18301
551061
6497509
25002473
25001225
104557004
5265
105199199
105999175
25004590
102262345
102843883
18168164
20647616
25003907
102782719
18913150
103390579
25004840
106532635
105567464
25002613
25003077
25002020
25002077
106040396
25002578
25001080
25001237
100906941
103295955
13917315
25002168
101891911
104852938
4852
25003820
25001607
6566789
25004300
5542743
101112932
25005896
25002134
25001299
101860085
25003287
410944
25002428
9594498
25004415
9462225
25001410
25005100
101089664
25004584
100813711
7458222
25004898
25003305
25003096
101772
25003105
25004077
100466405
103927972
25003524
25001194
25005873
104835814
17300488
25001927
9319831
25001831
105153309
103074585
104686281
21898
25004292
101962150
25002690
25004669
25002741
25004633
25001581
25001230
25004149
411
25004695
25005590
102914949
25002271
24410075
102837152
101076737
25001693
101338486
25004733
25004741
11519115
106317814
716513
25005731
18756185
25001231
25004745
7030891
25002877
25001365
25003120
19016
7831590
102491527
25003552
25002637
25002939
25005558
25001716
25002297
25005698
25002868
25004255
25004513
25003608
25005475
102200465
25002583
25003839
102711266
100547616
25002792
105265015
25005478
100662308
18676364
25003182
25004720
25005832
25003999
25003723
100859473
3880822
25003066
101120522
104034805
8059825
25002975
105555157
25005224
5310
23468954
25003309
9583679
1672
103778346
19017528
25004945
105818231
25004896
25002105
103710863
25001413
25005640
25001513
104684360
9632677
25005683
100640745
25001509
102093877
25003981
100542386
25004496
6594838
25003664
25003331
103901498
25001923
25003521
18486942
25001596
103985987
25003972
25002778
101562279
103664151
4816838
25004195
25001954
25004148
25001675
102587951
25005168
25002197
25004889
102173859
224814
25002289
25001525
25004438
18593333
105386992
25399627
20087455
25005518
25001450
25004687
105347034
25001612
25005104
1006
25003614
25003729
25001726
4701088
6574715
25004883
25001720
25002254
25002380
4937425
25001556
25001476
25004956
25001691
25001147
25004201
25003645
23554
105040747
104426755
101901198
25002201
406947
25003493
25002460
25005030
25002716
25005895
509854
25005327
25002135
101599098
101954773
18878777
25001573
25003994
25001325
25002421
14889680
20813879
25001595
25003595
6634958
25003256
103364708
100329706
105683849
25003284
25001423
25003722
25001292
25005080
25005160
100034824
104245611
18471578
25002319
25003682
5012604
25004853
2911018
10952
18447078
25005186
128344
25004837
1181
102174131
21943
25004273
18784185
106648753
25005345
14888442
6549413
25004393
25002567
13917237
102419125
25005763
25002535
107133005
5127125
25005827
19287095
104462704
25001236
115019
25005401
25003281
25001398
8046413
25001711
25002039
25002978
25003017
3486
19210207
105831159
104600987
725993
25002349
105621669
25001404
25003036
104696140
25005407
25002943
25001153
9635
13917313
4623012
25005772
25004004
25003750
25005523
25001832
25003554
25003154
25001498
25003505
25001926
24128795
25004333
25003307
25003548
413947
103132089
853198
105489567
7828741
25005453
25005617
25003370
25001560
17894116
25001636
18805854
25002909
18245082
14891120
59341
5508477
25003377
5728887
25004173
100035923
25001754
104377114
20660142
25001158
106990601
11470922
25003601
6750016
25005676
25005356
25399616
102194142
100961312
308
25005409
102117127
8626345
2912710
25002787
6752442
105673919
105906456
5233964
9472014
25003566
25004724
25001969
14517926
104214055
25004392
8141243
25005804
25005107
5244
25004564
106072781
106639125
25003535
25003485
25001294
9646409
25005545
4818201
25003646
101686407
101313958
25003610
25002802
25005679
105828761
25002970
24134445
25004465
106773698
106353812
11446008
25005247
25002693
25005184
106974549
1244
25003902
25003261
9520187
25004549
25003063
10377470
25004345
100795627
25003606
105380618
25001814
25003628
25001417
25001487
25005702
25001628
25004546
25004334
25003051
101257267
25004147
103959943
5518929
25004085
25003194
25003301
25001646
105508520
25003054
100254999
103896050
25004384
106659524
4436
1673
25005745
25002308
25002883
25003829
25001300
25002035
25004654
25001953
105987826
25004012
653509
105041500
102894722
2678592
102816700
25002934
101465636
25004968
25001713
25005032
105918608
101926071
103801401
25003588
13917214
24128676
25004026
25005606
25004690
18412
18241612
25002451
7839471
106645003
660599
5487798
25005320
25001104
799
102999613
25005220
25002060
105404244
8076723
25003035
25001142
25005634
101515169
25002224
25001867
424947
25004257
30707
19464598
13917270
25004073
18869763
102337188
25001229
25005192
25003355
105368439
25004485
25003089
102050923
25002550
25004457
25005871
9662947
20678657
25004309
101795664
7048269
591982
25003423
101074266
25002048
581338
25005755
25003519
102025647
3406020
101921929
25004827
5128524
25002972
4982
25002859
9328260
104473521
13917238
25002699
25002652
25003912
25001807
486638
25003699
25005586
25004952
25001619
25004379
25001845
100780998
25005273
100977466
26237522
105613864
25004649
25005659
25005543
2770
25001563
25003796
105275017
25003223
25003266
25004517
26267913
25005158
25001671
25004278
25003488
101262754
25002294
101791402
25001891
25002477
25003073
25004367
105086856
25004930
103389776
662542
25004450
101805912
25003204
105763048
25002121
7237363
25001389
25004065
106647766
103985630
25001856
25001439
18613052
13917291
25003395
6501153
25001986
25002769
25003563
25005557
103985184
100559531
25002291
25004948
25004378
24134435
25004665
4837672
106922936
18246055
25004683
25003104
25001110
104508950
25489081
102412565
25005489
25004552
25002283
25001889
106528682
100866883
8622603
20186792
105019988
25003736
106858990
102114001
25003805
25004790
25001667
13917279
25005099
25005086
7196083
25004115
25005084
13917248
1182
105065142
25001188
25005673
25002560
7838374
100607007
25003250
104317503
105836526
3569
100558731
25004910
462717
25002495
25003069
25003887
102295341
7448870
20086418
25005561
102283740
25001212
3878368
25004294
25001159
20817100
25005677
25004460
105426414
25003447
25002406
25002174
25005123
25003048
25004131
18677673
25005217
100136366
25789568
25005206
5328
25005693
25002967
100932396
104281639
3043
25005801
25002111
25005077
104330144
25003838
25002299
19207464
25001479
103115658
25003550
25001180
25005815
25004592
25004735
25001835
103120079
25004106
25004326
25005503
25004068
25005462
25003540
25001947
103969985
20809960
100917189
25004081
19127113
5508974
25002925
25005185
18775776
25001430
101025582
25003158
25002363
25002553
18825899
25001731
101155119
25005116
105025483
5016529
25002722
104393458
25004070
25001985
106793114
18806882
25002754
25005209
102325483
25001858
25005305
100705598
25003667
25399618
20082346
881344
25004346
14495413
25003126
103086093
25002887
2944
100727718
25002530
25003027
101363648
25001816
102824938
25004140
25001132
25004557
104741637
25003144
25002732
25003038
103905223
25005759
25004527
25003082
25002147
20807567
19952223
25001123
25001189
13917306
10912204
25003940
25002002
25003573
25002044
105936109
25004079
25005889
25005638
25001392
25002738
100366637
25005303
25005525
25001125
104494223
25005870
25004940
25001102
26842339
25004995
102397513
25001870
25001261
25004610
25001233
10399
1992
25002798
658210
101462490
25001928
25004017
101003028
3409209
100376035
25004439
25004041
25005222
6649597
25002386
100057417
104637268
19942463
25005416
105184713
55107
25001599
25003093
25002793
9225395
25005007
25001217
25001424
18444129
25004986
13917284
25003618
25001192
25771743
106318538
25004830
25002228
25004093
215
25001654
9368
19403591
25005494
19298268
25003486
25500423
25003951
181587
25002152
25004015
20176636
25005111
100035744
6499398
25003564
25002223
102698582
25001934
25002282
25001552
25005176
20817122
25003926
25004875
18907803
25004336
25004324
25005028
25004302
25004849
104992304
5501541
25003850
25001941
102257625
25004924
25003772
25001081
101523459
19235260
20181879
25034690
102324537
18807965
13917249
25005145
100864571
25002541
25002328
25001279
452625
25263583
25004973
25004179
25002016
25001176
102680579
25003980
25003762
6752444
100120158
25004194
1385
25002441
104757391
25004139
103813684
18617364
25002875
100811245
25002025
25005103
9379892
25001794
25004388
25004165
19952412
104168758
25002104
25005008
101473042
21395143
25004865
100878051
1649
25003673
25411502
106002345
25005170
25002621
25002610
136
24595220
23613423
103779038
102027859
20825665
101142224
24096326
6319
106746334
9692002
104591638
104012704
101655157
25002132
25004818
2913740
25003047
25001777
25005078
4586
1773
100710139
7021570
105702588
18918598
25003209
25002258
25001344
101677626
25004704
5032363
105524910
25005105
25004276
25003958
25005672
25004477
24134967
25001694
17323316
100369112
25005213
9579491
25002284
25001496
25003076
25001210
25003562
25005771
25004006
101912227
105368393
25002390
13917264
25003642
25001588
25005893
104578665
25001298
4586427
5806
18825737
25002353
57491
20657006
101033747
25005767
25004197
25002739
103737361
100376824
106473117
19321415
875106
102001921
24
79849
100897504
25003032
25005263
3253840
25003220
103176909
25004214
25005171
25002849
13917302
25004593
9836611
25004083
25411439
25004059
25003905
25004949
78339
101920296
25004291
25001144
13441545
105271317
5124989
25005762
25005446
100673668
25004374
25004040
19942125
25003458
368620
103331405
100252075
102996921
25005236
820
102690336
29126
25005764
25003510
25003651
25005509
25003821
662509
100700437
103369230
25005261
25003415
25002378
25002666
105404864
5981221
25003698
660416
106632822
105287717
102487033
25003393
25562710
25489080
25003523
20205471
25004150
102114534
25002772
107039742
25003694
9479246
104905208
18048843
25001247
103443986
177
25002764
25002537
25005311
6733023
25002287
4585808
25005312
25002529
25005227
25003440
23435
25001586
24125618
14894231
105786826
20644818
6012878
20228075
7826129
104372272
25003990
25002318
13399565
25004522
25004586
25003402
25002485
25001447
25002948
25004459
25002673
19419686
25002996
101161380
104064321
25004524
25989963
7076
25002757
25001876
25001968
103181617
25002951
25001094
25001085
25005818
25001960
25001308
25004752
102909537
25001943
5576192
25001074
18084592
25003131
25002986
19889763
658286
105214112
25004020
25001394
25005796
25004451
25002815
25005238
25002097
13917227
25002003
101981986
25002093
110011
25003658
104802164
103575131
25002154
25003707
25004718
25003515
25002663
101803386
207
25001712
25004123
103232383
100356200
25003794
25005127
106131012
105673609
25002306
103144417
25003514
25001958
25004692
25003062
25002864
100036221
2908
105696675
5567255
25003139
4282
25002911
105970950
106893312
101278319
102616643
25005061
106138636
25005262
25004014
6749994
100035541
25004090
101780155
25003843
3863785
1906
25003494
25001819
25003971
25003822
25002775
106488718
4588404
104836709
102117110
25003749
25005822
662574
101949000
18735219
6571951
25002646
103673922
25001579
103327725
25004716
105337546
25001077
105548762
25002976
25001769
25001905
659101
25004297
25005459
25005766
25001830
25003623
25004782
104231960
25002142
100020181
25002905
878057
104594225
25003487
25001084
100980650
26278949
9662879
101163384
25005465
104161185
18835169
4831
25002243
25004414
25004892
105091168
102234403
105480601
25003643
103269961
25002247
25002647
14495481
25002718
107083207
7295
20647561
4538
103500738
104260466
7839983
25005178
106153442
25005856
25003136
105115443
102744452
25005389
25002668
102722709
6690
102605925
18047343
14519456
25002172
25003657
25001955
25399634
9659723
25003248
25004847
100027089
102490959
105029518
25002437
25003700
19955656
11254
25005433
25004069
6757672
25001126
25001907
100827867
25001341
25004318
104478663
101305329
105605962
101460046
25004408
25002335
25005437
25001357
25005460
101966999
25004891
104494230
25004371
105838771
106639200
25004363
25003227
25004468
25003425
10188218
25004005
25003933
850645
102060895
18839924
25003598
100592497
25001326
25001773
25002921
103943475
101589422
686
25003086
102046850
13291745
100823223
25004489
101271740
25002519
101600391
5578230
101325415
25003254
25005650
25002816
25005435
25004736
101945152
25004515
24520917
25005632
25005455
25003691
25004353
25003828
25004955
25001554
25002585
6732748
102325196
25003961
25004502
25003800
3502042
101930832
101090542
106931684
25004058
106377508
9467158
25005580
103838010
100777836
5989925
25003286
100167525
18857149
25002317
25002853
25001795
25004579
106411416
25005069
25004406
102304238
25005704
25004999
25004931
25001303
25004170
24519759
102996631
20246909
25003632
104545631
25002092
11516999
25004431
25002352
103606439
25003517
25005205
102050837
103970224
104526403
102422411
25003292
101900869
25001314
25001505
25001689
25409392
25002296
8701
25005844
25004888
25004597
100583260
25001541
25004032
25001836
10598
25002660
25004400
25001748
106081309
25004559
25004521
25004872
25002831
25004141
7052426
1277
25003591
100714316
5999656
16176
100076157
25004921
25002773
25002631
25002250
25002208
25003663
105231581
25004338
25005867
25002818
25002478
25002450
25002394
105085325
25003157
9318199
25001562
25002399
105174951
103516910
101518698
25002434
25001281
5234722
25002432
107205064
25004829
25005750
102421631
25003481
7026146
25001340
15251
25004316
101899150
25002783
104321567
106712388
25003546
25002707
106953494
13917223
25002217
103819572
12310
25004419
25001459
25496028
102391242
9595764
25004623
25003413
25002956
105570034
25005141
20327670
106138676
105024743
106483808
25002458
104035933
100989405
103468137
25004833
106533659
104081922
5949092
25003917
25003677
25004319
25003977
487294
104443955
107143939
25004467
101610950
25004306
25004416
105158306
102041546
107032372
25001768
25001243
104981947
25002581
25003206
25005483
10372808
26300912
5577
25001213
25001540
25003379
25002385
25005059
106985853
25003746
25003846
25002562
25005649
24565529
102280321
25003674
5894442
5037384
25004124
25003775
100977813
105337545
14875641
25004814
106576597
25002833
25004249
105253190
25002539
25001961
25003701
25001108
19973530
25003121
104524679
106712409
25002706
25004116
25005106
25004641
103906739
407035
25004134
25001805
1278042
24133553
25001330
25002203
8507370
25001911
101836554
26514326
25002476
25005043
25739176
25003198
25003191
25005447
100336951
25001974
25003969
25003693
18845495
25399633
105432312
25005169
25002552
25001168
25004821
25004008
6607764
101020212
101933183
25004509
25001284
25001412
25004796
25001662
25001649
103153651
25005092
5933411
25003240
25005644
25003633
25004838
25004983
25001152
106306138
25312875
105927055
929
102786699
25563010
103635154
25003668
25005136
25002624
25002235
25004299
25004200
25002708
25001162
106445399
102174986
9225273
19036203
101087063
18596124
25005861
25004033
397284
25003070
25001469
25003737
25003604
25003456
25003997
25002557
2990
25002964
25004031
13917311
25004713
106657519
25001489
25002084
25004298
25005257
7345
25003412
25004655
409
25003886
19465126
101849372
14539523
9497
25005133
25003680
25003579
25001500
25399641
4363
100900612
106689198
25003884
19270676
25002997
102534857
25004462
25005876
100081616
6754482
13917318
25005885
19411034
25002640
25005730
101933840
25005332
100493583
658599
25005196
25001620
14876137
25003858
25001966
25002040
106651643
25002794
100717367
25003950
100179917
25003332
25003083
25005619
19116068
25005003
25003422
25002730
25004726
25004159
91147
100351084
106958607
24142666
25001913
105636877
25005211
25004596
25003541
101476560
7824192
25001633
100872958
25005651
102199247
101805954
103917004
107152719
25002148
25001156
25003705
105348318
25002255
25005089
103673037
25005428
18248627
25002019
25002884
25001967
25004051
19942131
25004594
13917221
25001555
25005541
102678461
25005598
102179446
25002367
5504496
25001742
25002181
104049374
25002728
25005857
102433282
25003276
106107983
106951511
25003203
25005266
25003764
25004045
25001462
19892329
25004697
25001606
25002280
25003085
8071355
25001092
19272919
104314806
18046228
105253612
25003590
25005888
25004958
25004342
18599762
9632950
25002806
24122762
104904606
13883548
24134434
25002770
25004861
25004673
25001998
19227496
101712479
25005375
25003815
105458714
25004385
106740858
25002350
25004127
102406536
25001238
25003862
104623991
25004711
25003567
25001664
103507219
25004099
25002993
25005670
25001591
25001183
102563172
6902767
25002001
25005660
25003294
25003953
106400739
25002415
20229941
100346553
25005316
25004617
25004479
25001488
3861849
19211260
101299532
25001859
9656986
25001241
103575132
25003046
25003786
25001444
103918276
105258019
103091260
25001179
25399630
6758031
1357
281067
103723467
26254507
25003921
25002114
103898689
102274573
18813184
25004266
20813065
25001944
6219388
3383
105286792
25004035
25488127
25003372
25005517
104817169
103765532
47905
25001493
25005881
25002841
25002259
106564741
25001820
25001975
25005070
15982
25005203
25001895
25005249
105153316
25002789
101366537
106180639
25005600
102959951
5127167
25004667
25004117
102734875
25001935
102209495
101898975
100842637
10189190
103445467
25003364
25487988
25003748
25001869
25005712
25003216
104443961
104922696
105633064
102883988
25001603
25005012
25004701
25001146
25001651
105457820
25002594
25005450
100645209
101046046
956
25001803
6635984
104668218
105386993
106088555
25004693
25002565
104639314
25003709
101794339
25002561
25005336
102034898
103722812
18086142
25005047
4706883
25005441
25003003
2693
105388338
104052950
660357
25005655
105031014
25003842
25004154
25003306
106895952
105618424
13917283
20815291
6550
25003288
25003167
25003817
25004981
25002238
22886718
104664640
25002392
25005434
11498579
100166328
25002612
25002493
103657592
3934
25005372
19264925
25004717
25005010
25004880
105426418
25003463
25004570
105477329
5509367
25005855
25001178
100745129
25003825
25003499
25003782
25001207
13395875
100168114
25002791
25001440
25003016
25001317
105874161
104101534
106762324
6050475
25004595
25005272
104553480
25005162
25002723
25004783
101783367
25002185
25003002
20705310
25004105
25002977
20496
25002920
25001134
19176292
100176487
25002992
102323658
25001874
104991481
106949978
25001393
25002627
25001617
25003649
821
102807047
25005549
25001710
51074
25003612
406937
25002248
25002118
102505598
6758032
25002022
25003351
25002623
25005834
25004668
5667623
25003773
101459684
25004094
25001829
18429793
25002433
20361107
106756964
25002913
18814450
25001252
25001163
25002192
25003390
18825745
25001301
25001232
10507192
25005085
25003159
25001843
105407396
25004664
100224018
25002420
106111197
25005551
25003807
9465564
25005144
25002401
18909317
19132840
25003754
105733776
25260623
100917684
104242007
25003641
25005884
101804688
104151738
106575314
25001351
25002724
25004775
25004813
25001242
25002515
103585738
25002348
25001855
104956352
25001416
25005874
23568124
24127415
26941
25004391
104096947
102398623
25005799
105401421
106856180
106920040
2984
25005614
19276800
19307481
25005427
25005124
18845780
25005599
25002143
25005042
25002731
25003045
25002508
19338379
106648995
103501226
25005648
7234543
103011227
100863456
16069625
25004239
6902791
25005240
25003526
17900653
25004954
25004988
105644465
25002149
5933350
100966897
104749052
538996
25005588
25002361
25005241
25001182
25005567
25005550
8055178
105514452
25003347
103934126
25003078
25001246
25001965
25002085
102829209
25004588
103357783
25004754
25004694
101350115
104253293
25001755
25005394
25004979
25002898
6897832
25002176
19225615
25002396
106343856
19396937
25002397
25002559
25003208
25004660
101380131
25005068
25004135
25005156
25001382
25003863
101406674
25003444
25003466
25002513
25005271
25004425
25002261
7230320
25004118
25005014
25002799
25002785
103285460
107115423
104801121
25005846
25001942
25001333
25005546
24140573
102935264
25001883
106659632
25001501
102404986
100142464
25003335
25003132
103762482
104530986
6439
25003718
6667
25002917
101984020
25003968
21410195
100966416
20090299
102036551
25002947
25001902
17296197
25004023
25002187
25005511
574326
5919285
104616346
25004639
25005197
25001406
105195527
25002876
6650014
102010794
105389954
25002645
101301195
2675408
25003396
9631182
25004708
25001453
25004254
3552
25003111
25001759
18083861
25003660
105122918
104406311
103568800
25004104
25002489
25003433
20348812
102827312
105761166
25001548
6541751
25003934
101250322
25003516
25003274
25002100
106452341
4318
25004879
25003647
25001779
25004204
25001324
25005805
6568088
25560868
3877424
25002837
13917251
25002212
492302
5545173
25005840
5010225
102894715
25005381
25004176
19889818
19950825
25003889
18260258
25003252
5440525
25003666
25005690
25004864
100259590
16163
100119530
25003865
25002086
104477373
25002448
103860968
25001702
25003992
18778120
105682887
25002301
7834060
101670292
101657112
25004216
13394890
9635142
19262822
29927
14524081
25005882
25001641
14528843
217837
25003484
1277037
102229795
25001223
25002617
101854886
25001860
25003916
7197073
104336521
25001979
25002357
25001358
25003976
25004143
25001680
25005337
25004828
16153
25004259
25004160
7439
25003224
25004080
105157067
25003559
25005443
25003183
25002232
25311259
106574545
83814
25004789
105794544
25001075
25002075
25002074
25001149
25003830
25003056
18054881
25001338
19955400
25003374
7900848
25003923
25004417
18030984
25002343
25005404
106835490
105214115
19890563
25002852
103548176
25780396
25004734
25002897
25001575
25005112
100538876
25005591
104808933
25501707
106420446
25004394
25003022
100122468
103367058
25003835
25003398
104701848
104894186
25002244
18492722
18437391
25001451
25001309
106643944
103310839
18780896
8099044
24123482
24123555
18883213
25001129
18249008
24519730
25002398
25003512
6751892
25001627
3640795
8106380
10502272
25001722
25004684
8065420
25001650
25005463
25002834
25002717
100518860
7493232
25002960
25002998
25003376
25001663
25001287
25001536
14540337
104747250
25003899
24134447
25001706
106107959
18241742
18805236
581
25003840
25003913
103573254
25003397
103642016
102719663
104578238
25002759
106680437
25005159
25003710
7200240
102118880
316231
25003366
25003662
25004184
102404170
25001497
19011782
857
25002504
102047812
25002106
19407912
25002158
100828369
25003929
561160
25002239
25003165
25002412
100746022
493
25005810
24140407
10519059
104087182
25003201
25005148
18170001
25004709
106003132
25002821
105182546
102256256
25005357
105875818
25004108
25002497
25002848
100034823
24136240
25003734
25005383
1991
100371476
25002483
104965262
25005315
25003555
25002321
25001477
25002573
25002502
25005255
104302965
106551206
25004284
25005177
9662901
25003770
25004490
25004929
25005691
25005335
25002907
8108558
25002979
25003102
25001613
13917258
25004288
25003161
105201719
6727407
19270750
106462870
103730788
8622995
9525140
6528749
25001685
25004242
106117156
25002468
10502036
13917216
25004039
25003867
104073108
25001822
25005293
25003432
18240266
25002869
25001585
103538364
25001316
410269
25005370
25005351
25001366
25005573
25004187
25004874
100258320
25004835
102804342
25774260
2876004
18097456
9523367
25002096
104035455
25002140
19197822
25003021
103192861
25001559
5889617
24128211
25001594
25004514
25003196
18835737
102290683
25002632
25002507
106055337
25005487
25001744
485402
25005486
25005216
25001428
25004464
25001140
106952871
5511474
103525268
25003170
25004205
25003218
25003360
25002372
25005413
101041998
11530282
18025182
104010907
4619452
25003918
100679905
105426413
25002715
25001857
102934942
105304230
107065964
103209648
101945468
104981430
25004376
25002120
25005686
25003333
103208772
25003178
25004178
25003387
25002946
21388050
25002944
13917301
25005343
25004064
25005226
492310
102286200
104013586
100071259
100662653
25004678
25001083
101834543
25005555
89845
25001852
25003995
18845841
8291500
100831839
18493616
103312127
101359595
102787008
25003885
25005130
25005727
25003932
25002532
25004598
18884050
25004260
25005016
25002687
105189469
26275745
25004050
7025077
19263382
13917243
18746795
25001980
19942097
25005390
25004421
25001111
105223086
25002882
6341218
25004019
103003627
25005053
106649175
2212
25001732
25003875
106138679
25003181
25002446
25005575
25004164
25005472
102049644
100877177
101459563
104253473
14539373
25002164
6574714
25001200
25003457
1084
103199682
25002616
25001674
25002038
18170302
25005710
25005536
25002576
25005642
5013838
25004845
20806793
25004377
18807805
25004270
25002582
25001166
20277
6506852
25005045
25002954
25003654
25323282
25002310
25001687
101881933
25003451
25003135
25004101
105272269
25005724
25004103
25004007
6574517
25003714
25005402
3565
25002626
103676590
20082318
25004812
25005135
25004770
25001239
25004520
25001403
6039899
25001679
25002611
25002545
106764736
107036183
106057128
25003937
20672273
25003061
25003356
105005285
101491790
25004576
25002351
105383528
25004027
105127601
25001269
25001929
104894183
25004963
26
25005539
24487398
7027951
25005352
22910831
9477102
25003109
105505942
25003058
25004307
105089214
3505451
25003263
25004092
25001455
5652
25004397
25004777
25001286
102959837
25004658
102396697
105138781
102069074
5565861
20181484
25001550
102968447
102470862
25002177
25003571
100158245
9683276
25003115
6554680
25003187
25002721
25003998
25001113
25004769
3405801
25003557
25001377
25001379
25001747
25005073
102617457
104284942
25002661
100441959
18917411
106481718
25004482
101208877
25002220
406913
25005671
25005355
25003605
9321007
101373292
25004146
25005863
26230837
25005102
25003316
107080633
25005334
25002240
25001408
25001916
25001593
25003074
9665404
102091259
103174567
101693693
105563935
101124727
104267757
102394340
25003910
25002854
3606
116369
25001584
25003761
25002246
203286
25004608
6535735
25002307
101038841
25004471
25002534
25003420
25004677
18168552
102270883
105381436
100934102
104633638
101819239
25003703
25001656
101812634
11504689
106170988
25003330
104964244
18802669
25003650
418791
106712280
25004556
25003527
101645307
25001446
6560293
25004547
5890869
20171612
13917278
107041476
100745252
25004424
3570
101761547
103342679
104166418
25005609
25004386
102185675
25005051
101548091
105407252
102601352
103448328
25004941
25002835
25005212
102105363
25002302
25003015
106934885
101320952
25005374
20808155
104682625
100902117
105621670
23640
6629630
25004370
25002651
25001601
25001082
25002050
25005350
25005426
25003319
104829535
102279036
25002767
25003936
25002063
25005464
103580974
25005553
25001868
5507916
25005743
20809263
25003202
25004905
25005540
6035986
7462790
25005814
104817514
25004220
25005780
25005508
101881707
25003213
25001727
6643807
25003717
25003911
25003189
25001332
100825682
25002056
25003455
25004261
103502816
25002601
25004984
25001715
25005306
5895463
105934146
25001499
100971433
25003152
103379580
6554060
25001387
25002023
25003147
5855224
6540649
103088529
25004994
25004162
106107835
25001587
4292
102130562
13917263
25002514
25004765
103019583
25005198
19211951
25002500
101328571
25001127
102290453
100723026
25002824
25315726
25001371
102281778
25003672
25003314
25001838
25003925
25005668
103431057
107119059
26160
25004235
3475
107036175
25005201
25002709
105492191
102591179
25001959
25005568
25004018
1950
105807960
104048999
25003326
105217830
25004113
104319182
25005792
100255244
22893021
25004409
25002355
25001414
8245562
25004729
25004866
25005789
106974027
20803890
104057821
25001510
9647875
25002605
25001657
9181448
25004380
25001107
25004580
25004529
25002771
25003010
102511843
25002981
25003731
25003877
104991432
1508
25001990
25001561
19154198
104822740
25001798
104000821
25003570
105065148
14874864
25001376
103369683
106853227
25003888
25005643
25004356
25005797
106686186
25001611
25005892
25002010
25773891
25003989
6729423
25001976
25003832
105623923
25001933
150684
25005800
25001802
101516103
25001141
105287620
25001739
25003742
25004628
25003024
106124536
104925520
25003421
11426889
18165308
101172781
4622614
25002274
6555052
105086704
25005120
25002973
25002814
106772321
103354581
25003947
25005419
25004674
25004710
106751895
25002726
25004530
103226777
25002417
6497510
101622333
25005519
25003025
20657970
25005022
6076315
25005405
25003895
25001411
106716349
5020900
25002251
104084474
9617841
3933
102686081
106977473
102237400
101446956
19944305
25003833
100864601
8070980
25005556
18053054
25005371
25003467
104777420
25002527
493044
7910474
25004977
106773072
25003755
105265397
104748388
106615450
25002517
25005292
25001425
13917271
25005228
25004219
100808752
25001337
25003005
5944238
25002338
25005448
105543961
25001997
25003001
25003253
25003473
25001604
25004911
25003542
25002191
25002369
25002669
104983235
25005726
25002994
25002974
25005842
19942458
25001295
103708769
25003503
25003719
103156854
5934515
25003479
25004352
25003275
103568329
106736701
25005723
107070584
25001205
10167
103057429
19271817
105153302
100474870
25003112
25001983
25793498
1445
23469441
100794567
25001143
25005852
745745
25003806
25003399
25004351
9592347
9742
25003818
20647674
100251858
25368093
7835923
25002629
105269629
100821886
25005275
25003106
105731657
103047561
35366
25005190
7050427
100122226
19942518
25004561
8587903
5873
25001282
25005354
25003160
25001981
100337053
104655444
107031366
25005695
25004939
25003597
25005265
100126675
25002756
104484787
25003088
5507133
25002961
100152428
100601480
105043189
25005373
25001283
5882813
25003655
25001688
13917245
106294452
25002393
106460103
25004000
25005155
657102
25001866
25004495
102697365
25004566
25001815
24255
25001705
20181355
9312608
104658805
662473
100926961
25003282
103474464
25003087
25003795
5890145
25004372
101888216
6044312
20087208
25003622
25003640
11507211
25005728
25005552
18833782
25005317
25001909
6594839
26269552
25004558
105269093
101210136
18631410
25004886
100651734
25003876
24138197
104234380
25001887
6576030
25002812
25002141
102062477
25002710
7831589
25004475
104377432
19303990
106792337
465338
26272814
25005589
20168555
25002219
105115521
25003452
25003279
25001988
25001348
103403912
20817103
25004343
25004429
25001532
101945737
9833800
25001880
103328202
20086922
493040
25003145
104101531
25002269
25003345
105683683
105455462
4576815
25004928
25003898
25002205
25004130
25003197
25005256
103273266
25002341
25003007
101272358
105115522
5465
25004119
25001993
25001615
4843
25002827
103713508
101308601
25004349
107041999
25001949
101010659
25399615
104862345
25003050
25001089
25003071
101870649
25003738
25001148
19265161
5025232
105308468
102263728
103929369
25003890
25399629
25002702
25003146
25002941
25001800
25005088
25003914
25002037
105088621
5002866
23884569
106311468
25001597
25002099
8714
25004553
25002264
25002206
105567462
25004506
54658
3458
25001277
5856924
25003308
25002332
41387
101744514
25004250
102734328
106483293
25005138
25004725
105012221
25004688
25001648
25005875
104355842
106914315
25005406
25002072
11425997
25005421
13917298
25003811
51564
25001767
5232846
100136364
25001215
25005865
25004737
20820063
4780
25004903
25005195
326161
26810751
104383823
25004125
104285416
25004935
25004192
102590403
25002701
25002850
105830342
100298891
25005559
101034966
25002409
14876024
25003465
25004543
102008348
102058425
25003378
25005399
13917310
25001877
25005377
19413542
25001174
25001957
25004824
24130512
102203605
25005608
25004881
25001214
10273
4989066
18822484
25004062
25005809
6529263
25005349
25004975
18741286
104440737
25003460
178939
25005319
105830692
104402776
5741
25003353
25003543
2886961
106117136
25005583
104840330
18606636
25003237
20362748
19419634
100341472
25004498
6927
20808935
25001703
105551428
25001984
25001402
22853
25003547
13917256
25003810
25002078
25001154
25002162
25001871
100067430
101826965
4934797
7100
6567775
25001610
107092112
25005471
25004310
11504366
105574482
106773438
101496192
26514839
25004620
25005363
25001728
25002881
101560972
25004493
102458788
25003530
25004120
25005119
105950182
5719030
25004145
5509928
25003816
25002199
25005382
103214670
26242335
105223567
25002171
25002650
5856440
25003576
103580975
25005128
18621232
25004048
6589656
25002331
25001350
7922165
104034796
19947800
105769341
23210
18605694
105043832
25002896
102683680
10543263
25005040
25005847
25004779
106775905
25002356
25001734
25005422
25003678
106680392
102409035
1277535
25001306
25004545
25002304
25004916
102182298
25001460
23554408
25004251
25004494
100903834
25004926
25005826
2906323
102224164
25003824
25003339
106846224
100640761
8628184
25004074
25001605
25005562
6574118
25005125
25005215
25002639
25002089
25002790
18871887
103624128
100754506
25002957
617079
9472011
106639163
13917309
4561839
25002846
25002634
25001483
101123431
25005482
661269
25002229
25003963
25002083
25001504
25005276
25002873
25002602
14540644
25005802
25001864
100223853
25002216
22802
25399637
25002878
25005493
19983111
25005571
25004102
593157
25004175
104329274
5501543
25003790
25004362
105567456
25002115
24123521
25003166
25005019
103354579
103902685
25003620
6640232
101476511
103828809
25003589
104660123
25004816
25004723
25001618
100644751
25399612
106169333
25399617
25002153
25004209
25004882
106411541
103123049
25002146
57545
25001558
13917269
25004511
25004136
25003416
24131530
25005665
25003302
25002461
16075020
25004560
25004624
25003765
5015083
102106246
25003676
106850353
9525548
103578916
25004974
25004305
25002987
25005071
25001484
25002937
102217768
25003039
106639135
25005039
25002452
1520
25488128
6403
25005204
20813400
102236109
100119497
106810678
25001375
7841783
104270283
24106964
102537649
25004279
25002424
5439965
19182567
10517353
18166123
25003506
100034854
25002252
25004441
25005397
25004034
105720418
13917297
25004822
6996093
25001139
100722700
25790186
25005242
100645338
25003848
79139
25005295
13917244
25004809
25004029
25005260
25002636
20819872
25005784
25399624
25005210
25002598
18033021
100775358
25003702
25002538
100631877
106916767
25002279
25001752
25001097
25003799
6574120
25001893
25001917
25002736
102626100
25002936
104687870
25004497
23887002
25001121
25004350
25005287
25003313
25002962
25005418
100468649
34350
25002749
101640586
25003384
25399619
336563
106699987
25001429
25002857
25001372
25001076
6567553
100757623
25005346
25002000
25002955
102918406
8497527
25399639
25004335
19901731
20659777
25002359
106829379
25001364
25004193
13917259
101360069
101409024
25002932
42928
24411275
25003970
25004440
25005005
102130331
25003743
25001708
2892342
24767
25001972
102251988
104465852
100702657
105706660
107043597
25005531
105214120
660659
25003389
101469618
588997
25002144
25003404
3659
25001729
25001235
25004221
105896537
106616646
100161113
25003124
18842410
25001824
25003735
103840399
25005378
13917304
25001516
112744
25004854
101256256
25005645
2892750
25004978
25003498
25002032
25001962
25001951
25004748
100165493
25001155
25003973
25005616
25003348
3864970
106353130
5444
25003993
11512226
25005387
18237387
25003482
105696662
100769198
103676089
25002123
25003852
25003239
25001449
103708768
24141287
2871340
25001445
5520318
25004398
25004067
25002200
105698617
104032640
8570
25003537
102993920
106970664
103804142
25001996
25005436
106081298
20814392
51465
18625887
25005033
104256497
57120
6538082
25005149
106370940
25002395
25002523
25003539
9351
25001999
102993447
25002195
25003442
25004784
25002202
25004111
25002052
25003009
25005587
101879474
25004056
9468737
100546330
25004839
106616652
25002407
105182245
25005474
5320
25005692
25002734
25002213
25004551
25005756
54210
105679636
25975189
101873282
25002456
100559859
25002803
5243
25004245
105569684
25004432
25003080
25003551
25003168
25003342
25004650
106485492
25003609
25001952
3406456
102041165
25004634
102736525
100395919
26839569
103391835
25004869
25003513
25001088
25005340
25003957
102585882
100821614
4982546
25001878
106897370
4593795
5967
25001296
25004272
25004274
25002371
25002139
25003150
25005388
18739014
25003334
25003716
105711824
100609676
25005002
7097
11604
25004369
15807900
25002667
25002670
4353
18869927
25003321
9183156
9589392
25991454
19956984
25003173
102515987
25003357
654490
6537431
25003978
25003774
25002008
25001672
25004361
105165683
25004313
102064576
25004466
26243515
25003837
103563058
25003234
25002482
102365463
25005253
117156
25002499
25002984
104580441
106681580
9631645
100372550
25005570
12638
100389402
25002117
5520984
25004320
25001494
25002531
8201094
422099
105931222
25005739
106958125
25001418
25002233
25002579
25005456
25002845
25003107
25005278
103151729
25001740
25002630
25001103
25002506
25002888
5508975
103762634
25003133
19172655
4934049
25005234
101311724
25001485
13917229
10228
19697
25004884
102683805
22066
25003634
25004635
25001896
105125651
104592389
25003065
25004801
25002568
25004308
106886708
106033850
25005208
25004207
106138421
104109466
25005491
102519915
100120811
25003103
20086141
25566444
25004638
25003509
25004855
25003436
25004481
25004795
105670730
102857890
14497150
107028795
103665230
25004224
13397113
6562715
25003518
25001374
13917296
25002045
25004933
5468
25005661
25002383
25003892
25001842
25004358
102285781
25005528
25001793
84868
10807589
25002580
25001391
25004075
25004110
25004225
25002342
25003624
102977391
20807457
25002740
5998940
106335119
25002160
25002036
100370280
25001397
103389889
25004700
25003522
25399640
106848022
25004953
20813886
25002653
25004651
25005063
25004571
20375133
43451
25004121
25003028
100122210
101077334
25005400
25002024
106317823
25003118
25001521
23463500
13917307
19317561
25003359
25980593
25002795
25005469
25002522
25003162
25002265
25003847
13917280
25003290
102676402
25003690
25001796
104265069
103296681
103202001
25003400
25001265
101301977
239273
79071
25001119
25004689
25005527
25001780
100790550
25005113
7040
106657964
23562455
25004525
14895252
25004155
25005438
25005454
103007367
102936252
25002697
105691692
25005510
658981
25004772
16077605
25004157
100834959
23468709
103269956
25004738
25003174
103001721
102304982
102559891
101611979
101437304
25003809
25002779
25003471
25004629
25001901
25005251
25002655
25004919
6048
101793082
102324843
25001851
20214078
105714659
25005329
51297
106712398
106716302
25005129
25005681
25003730
25003656
9341
25003870
25005411
101855550
25003273
25002126
6075053
25004456
101855875
25002464
18780466
5581
25003785
25002344
25261717
25004449
657184
25004375
25003607
25005304
25004937
106712240
25002592
23547562
20347780
579421
106898357
105454937
25001839
25001253
104578993
25003492
104018672
383
6632573
5855221
25003711
25005788
25001251
25004618
25001623
25003155
25003090
25002777
25003312
25005283
25005229
25004087
25001683
25005627
105231580
101625977
8998629
5742
25003681
25001823
17360958
19980260
25005050
25004122
25002027
25002748
25002173
25005734
100701236
25004382
25001834
25004868
18799366
25001199
25003020
25003831
105567960
2006
19156407
24107216
107048846
25002657
14897675
25003715
107020823
100121349
25005492
25005872
104133415
140871
25003238
25002940
106783683
9695444
25002526
105475504
25004240
104610442
25004985
19883029
25002832
25002054
25001930
105681556
19901474
25002314
25001792
102973776
101122496
25002546
25003163
104029724
25003459
106639375
25004434
100164310
25004719
25004836
25001826
25004932
10910906
8060459
25003872
25005860
25003057
25003044
103506661
8297197
25004037
25005520
25002112
106049392
7835027
22585894
25001763
25002095
5718626
104069790
102184240
104450628
25003101
25001863
25005603
25005499
25003939
25004132
25003417
25003930
107135681
7911121
13917215
25001349
25001772
101535310
103123395
25005663
105567459
25003944
25004474
25001307
92747
14883468
103948026
104544544
103725301
25003268
25003113
25003221
25004562
25004577
107036459
25005067
102346483
25003293
3091
4977811
8035803
24124114
101636312
25001328
25004086
6529647
25002607
25001719
106985851
5266
25005563
25001908
25003687
25002064
25002678
25004923
13400274
7835924
101202970
14870171
25005628
105990574
101147577
80331
6527970
102676812
25004454
25004129
25001992
13917281
25003599
25005414
20647524
103325187
103812605
25001881
25001245
9590724
25004285
403154
100035238
25003041
25003938
12914
5496640
7052
25003030
25001817
25001686
25005481
106472674
3605
101682653
7270998
4983701
25001437
25004563
25003500
102399549
8441530
25001801
25001464
25003222
60675
100709848
100359175
102097135
17885793
25005793
103221153
104506564
25004998
25002599
25004582
25002510
25002249
25004878
25001931
25003619
101963726
104304433
25001169
25001659
542680
180691
25001196
546
101147930
6553828
25003184
100122441
25001258
25005706
105519286
25004311
25005653
104939630
25005309
7243534
106648789
104148879
105150152
105189061
25005480
103274377
478138
9633625
25002952
25002375
25005233
101891852
105884767
105189062
104933030
106752099
25003055
25004714
16164
25005604
25004589
25001906
106087324
105271308
25001193
101581080
20660416
25005444
104326451
25001506
25003310
25005296
103181067
25004396
5512513
25002926
25003401
25002959
25005041
25001778
25004602
25002776
25001304
25001274
25001420
20366441
25001590
25003572
25004848
101383888
25004243
105900252
25004483
18443563
25003652
25003630
105617211
25002130
25001112
25003243
25002965
2316
25002467
25004567
25002419
101736234
25003704
18907779
25005098
20706547
25005740
25001692
100904705
25005813
25003871
19308787
25005732
25003336
25002786
25005026
25002589
25399638
104738924
25005239
25003068
102790989
101891863
101046364
25004504
25001749
20086926
25003528
190710
105676736
25004756
25004321
25003185
25001592
20648920
101096101
25005297
19297093
340024
103147199
105686874
25399621
25001549
25001218
25003836
25001452
3992
25002811
105546051
103986428
4388974
25004820
105072674
5010372
101636893
100454354
25001305
104559106
25004128
25001216
25005497
8305124
25001480
104292512
25369
25005773
25001115
25004895
100378585
25003297
9584342
104401791
25003844
25005733
25001363
105368011
25001312
100366532
105918187
10545706
25002316
25004927
25001932
25004174
23322
25003215
100811468
25002324
4585341
8203955
25001885
25005245
106747530
25488126
25001457
18033331
18054883
25005776
18429792
23562667
100919152
100260321
2934
25003648
102975396
20807943
102486058
25002755
25003350
18486708
23469437
25004750
101653890
25004670
25001673
25003100
25005318
19943361
105289035
25003959
25004976
105451843
25004024
106083297
4680
25005424
104123163
25004550
7432
7132
25002953
13917308
25001318
9656421
25002866
25004403
24109063
25004366
102399222
25002444
25001638
25003965
25005225
25004053
25003476
9822095
25005601
25002813
104282317
25004961
25004523
25002596
25002988
25003138
25003644
25003029
25002547
106158624
101629352
18831061
25005526
20234628
882120
25003472
104866590
18237436
25002389
101660503
25001670
25002886
105803245
26279312
25002891
105367837
102333437
25002711
102534928
102044010
106614363
24523053
25004574
413959
102312266
25005146
25001888
100153359
106743193
100773442
101779591
25003352
104112862
104655441
100381094
25002593
104572473
18670145
25005451
100774121
102538654
25004877
25003974
25001854
6644084
25001818
8998375
25001331
25001120
25001381
25005461
25004186
105000214
25003031
102066650
25002677
103149394
103295903
19326444
101635304
25004126
105081751
25003964
101915150
25002474
25003140
25005004
25003635
25002618
13917219
24127251
25003438
101529745
25004727
25005757
25005232
25005380
25002528
25005864
90865
105151406
13917250
102434618
102091617
1998
18487409
25002267
13370
6578256
25001781
101167004
25004607
25003004
25003300
25002466
101921741
104368444
25005386
25001644
8050281
100217747
13917226
25001631
25005662
6754837
18791264
8626236
6510
100491006
25005866
25002584
25005060
19211738
25003792
25003267
103844284
25001653
25002692
25002285
1811
103393517
25003340
6629528
25001095
25002505
25005017
25004852
21398970
5025548
25004862
101574132
25004323
105253191
406976
25002222
25004275
25002855
106586269
104660756
105199059
25005006
102141154
25003724
25004971
102523396
103623369
25399636
515333
25003864
244562
103030655
25005490
7917198
25004280
105189785
25005187
19946932
25005025
25001846
25004539
25004114
100826737
106363736
9638777
25004055
25004171
25005629
18080845
25001725
839277
25005440
25002804
1080
85320
25005715
25002714
6574518
3586
5644
25003151
25005787
19942170
25005034
5502574
25003696
100739606
103004581
25001776
25003615
25005323
102091807
13917267
25002373
13885565
100825907
25004447
20803889
25004778
25004501
25002906
25005398
106990731
25004815
104140425
105573985
54806
3256724
101266544
25564413
25003880
523431
18853183
9576936
25004463
103734450
100814181
4591777
25005121
25002801
19252396
101636073
106328031
25005064
106940414
20809258
25003475
20192094
104894388
25002521
25002425
25003777
106787844
25002472
102231389
25004834
25004315
25003067
25004844
25005341
101018553
13917257
418200
25004282
107055733
13917275
23557869
9596648
105483452
25003255
5510207
25004648
25004046
103458943
103116890
105073298
25002903
25002313
101812236
26235560
25002664
2869570
25004715
102141820
25002463
25005581
25002069
25004969
25002762
5500042
25004661
13917300
25003776
25003941
102395777
25002110
102770035
13917288
25003533
9389494
103614852
25002416
25003128
103596135
25004938
25005431
25004518
25004213
25005011
25003575
101678619
18907161
25002090
13917316
25002440
103989626
953
25004739
25005812
25002062
100940864
106117346
25005820
20829805
25005641
25001091
25005290
25003683
25005094
25004072
13917225
100222243
25003739
25005376
102618513
21401037
104124106
25003064
25002042
6996094
25001669
106515675
25001546
25001841
25001114
25005161
25003878
25002178
9638931
101252258
25399611
18171393
100036333
106654884
25001853
22891898
105160399
831
25003945
105063144
25001272
25003368
25496035
20082319
959
25001087
104272747
574346
100009471
25002103
25002498
6339799
25003882
25003983
25005524
25004181
103764002
25004751
11515292
7026960
100021725
102791267
25002691
101289213
103081595
17352279
25004537
25003827
6584
25002587
18863847
3965
9643322
102181811
25001724
106737004
107071910
25004870
25005751
105598894
105643276
10529049
25004011
27031
18105665
106984224
6649490
25003349
102383653
25002109
103528077
25004519
25004238
25004084
25005807
1116
25005880
1273896
25001486
9461199
25001226
25004997
25001093
43450
13917228
103775627
25002175
24415066
25003320
25001566
107089489
25002418
9650107
654489
107103940
25004412
25003199
25005093
25005439
25001122
25004663
25003129
25003851
25003602
106587612
25002491
25004746
8622608
6032569
25005718
25003019
25004776
105153301
6338
100559711
912
7831669
25002429
25005742
25004212
102935239
25003593
25004831
25002033
25004088
6347383
25005479
25001202
25004436
25005633
11407659
25005330
13917260
6279
20827744
25005791
25002999
25002894
103969465
25001666
25004047
25001529
101482576
103465638
25005547
25003860
25784312
102680017
25002209
100856571
23564204
106514464
25002516
25002226
13917282
100702162
103799704
25001632
25002540
25004743
25001137
25003732
25005369
25004301
105265405
20820964
18166224
3674
25001276
106641513
6496963
25003461
10501791
6730019
25002743
25005838
25004568
25003808
25002805
18881551
25005367
25005165
100634946
105251078
25004109
25002179
25002614
3253777
25003752
25002309
25005682
25789366
100050431
25002727
25002330
25001787
25003148
6036302
25005620
25005152
25005055
25004089
94160
25004277
101769695
106954972
25005193
106038215
25004503
101117577
25005090
8266736
25002260
6564065
25002910
7124
25005701
105153308
105589149
6497508
3579
25004900
104350612
25002949
25004760
25003407
25001539
25005542
20224092
25002414
100544305
25001514
25003747
105621675
25003142
25002760
13917218
6751903
18641622
100011443
25004289
25004603
25001319
105689415
25002107
106834529
101809710
25004401
25399603
25001707
25002781
25004021
25001359
104667350
25003381
25005544
25003631
25005579
103805957
18169209
106774079
25001570
14884779
25565576
106967348
25349083
25399620
102784864
25005385
25002286
25005687
25002638
6649596
101116746
25003948
8685
6611665
101077613
25004902
25005391
7840197
25005252
2920
25005666
25003728
18886424
102093861
102884577
25003177
101777732
105585059
25004792
6554959
19032106
9596148
25002012
25003445
20076898
9537505
19279242
101860598
100841816
25001925
9632472
25004856
106389109
6890
104529613
25001360
25003952
523126
101132993
25321609
101293364
105356071
104925362
25005415
25003721
106672929
25005000
25004252
25003108
25005714
25001900
25004538
19178668
25004341
25002102
25002462
8998258
25004182
102535675
25004100
19955661
25004934
24107629
25560
25323863
25005624
25002231
54106
20647667
25003922
103382445
25001415
3146
25004730
25001827
25005223
13917274
102397474
25004167
25002889
102187656
8586475
25001206
25002842
20927
493041
19285170
25004640
25003149
102455293
25005548
25005163
20091980
25005717
25003075
18492331
6568089
19469083
25001614
102377781
25004461
25004198
25004944
25005231
25003600
106061294
105869370
25004578
25003040
25003013
105157729
25003883
100745420
6011718
25002628
100651558
25004808
25004541
25003497
105968607
25002643
25399623
5314
25399614
780954
105686901
104622298
25003679
84432
101009341
10747
25002009
25002070
102478209
105084309
6590666
4482
25004016
105855779
16075589
101705546
7839033
25001790
25003956
11441852
25004484
5976532
102948347
105763049
25002030
25001652
106828732
100781010
103239480
25001765
25004966
25004591
25005500
20181350
25002780
105633067
104522661
661218
25004788
9054612
101313352
25410236
25001764
25003049
25399628
13917255
25002193
25002058
25001771
25001512
25004526
25005843
102386022
100121338
100137161
6562210
25003053
25002479
12724
25002320
25002322
8298532
3258518
25005324
25002914
8206128
25005230
100984784
25004925
25002838
20329262
25004169
25004470
25004786
25005729
101269406
25004548
25004601
25001186
25005009
25004458
25004411
25002017
25005046
104777402
11515742
25004967
25004758
25005512
25002509
25005798
25002590
25002520
103123051
6759188
6589657
25005057
20816898
660927
25004859
104449144
25005719
25002370
106538296
25002817
25002453
100719898
100391624
100545354
25002073
25005611
25002865
25002570
25001249
5545569
13917247
25005244
105951694
101977881
25001343
102883696
25003766
25004188
100602678
725051
25004043
18236635
25002496
104667632
103202079
25004263
25005747
6565
25004826
25003791
25001219
25004781
18911446
20304768
18489040
25001442
25004721
25004383
25001203
8295926
25001435
25004652
25001339
25005425
24164499
18994453
25003474
25001569
104375504
106335143
25005746
25003896
102103585
18485896
4983570
25005109
13917266
25001542
658359
25001989
25001718
25001507
18250647
25004078
25001290
101853195
24124189
20803940
25004226
10365
25001821
25003779
154
25004265
25002454
7838879
25004705
25003037
25005498
25005529
25001151
25002704
25002198
103264109
25001643
25005117
25003943
25005848
100899089
101873292
171429
506823
104139644
25001315
7244444
25002055
25004583
104122464
25001788
25001847
105544334
106790882
101106781
671
25003033
100985670
25002686
25004071
25003434
25004030
25001079
25005835
25005877
25004964
25003358
18606638
25001849
25005301
25001660
25003325
25005314
8241286
9641418
25004766
25005430
25005393
25002874
25002298
104892207
25001745
1281392
17891625
104627445
26802342
25001897
25001918
25003371
5444944
26306687
100057458
4837379
25002703
6612667
25003949
104757384
101459505
25004528
25002277
100644974
25001396
101396086
25003470
25001551
25001701
104466237
100016417
25003110
25005516
105124302
102594457
25005699
25001624
104636612
25570143
25001572
25003190
25004455
25004728
106117216
25001463
25002029
25003915
105307185
11535379
25005621
106138414
103614486
25003403
25001380
102956215
25004418
25003903
25002116
25002066
25004959
19259413
25002262
25005021
25002989
103090983
25001419
101095601
4082
105807512
25005886
25005457
106109617
13917246
25005535
106789176
25004744
6896760
103859499
25003188
25004957
25002971
100244944
25003491
100974317
101804322
4353263
4988535
25003636
106643946
25001598
104904870
105836534
25002681
25002405
25003180
5010312
103311991
6896759
25372398
19953576
25004329
105030992
25005656
105486959
5575949
6529648
25002327
25001751
101050006
25005066
107309076
105721533
25001762
101868456
25005576
5429682
20819594
25004646
7846692
6195306
25005595
106758257
19942132
101531982
25004823
25005610
25004473
10057
25005423
25004442
116721
25001131
25002273
6549412
100376405
106651663
25004599
18627846
25004448
25002819
101741236
101381957
107285369
25005298
101780903
20178898
102481799
492308
25003986
25002933
106390481
104299429
25002577
25002872
25005322
100122296
6543500
25001799
104768043
5545966
25004846
20086145
25002525
25003229
106061456
105492226
25004681
18095369
25005342
25399625
25004645
25004512
105444916
25004293
25001786
20647366
101398320
102089481
4316769
25002362
25004696
104058213
105508627
37428
25004328
25005830
25003819
6594128
25002619
280846
19888222
25003119
18877638
25001970
5232313
104704192
25005013
25003966
25005753
18925928
6590
25001367
104602739
25004337
25001438
3577
25002935
25002186
35163
25004587
25003081
25004268
25002492
25001840
2886344
14902644
25002131
104788601
25005639
25002671
25002930
25002465
105270541
106139280
25005358
100567670
25002929
103591695
25004800
105201722
2950
25002904
25002892
103957157
107048845
6615344
25001470
18493316
6499399
25002122
105840326
25005147
102268001
25003176
485523
23727
9650702
103134254
25003258
25004671
815414
106574543
25004281
25004606
25005770
8291053
25002893
25004787
106740854
25002807
19257704
25004647
25002745
25005504
102266351
101892027
25003708
25004819
106682755
25003361
14890306
25005038
4980477
25001369
25003192
25001528
17884930
6627561
25004107
700156
105666350
25001220
582885
7831173
25002712
25005484
25005235
26242228
25002214
25001609
105553250
25005709
25003195
25001478
114548
25003446
25001436
25002336
102170612
25003532
5890349
25002426
105000014
25001697
102837528
25002750
25004199
106841482
19889480
25004863
6731477
25001668
25002293
25003211
25004500
25002163
105163471
102371768
101999837
25003984
25002182
105329772
25003362
25399607
18672618
19176153
20807573
8626235
25004680
25002674
25003480
25002190
8496004
105458855
25003625
25004691
25004185
18627864
25003897
25005485
25003464
25001626
25004699
25001191
25005703
106930255
103830244
25002544
25003975
18020333
13917236
25004573
25003094
20816499
25003760
25005833
101514511
25004002
25001567
106124749
25399610
25004036
6281
101782887
25001919
25004290
25002742
25002325
103084410
25005811
25004965
104159588
104489903
25005079
13917235
20657883
100137148
19894396
25004642
1045
25003059
106990674
25005132
6833
9651685
25005836
25005532
25005058
25001770
25004373
25002031
105405232
101570883
25003375
13917276
25004095
25001785
102366089
101244990
25001879
25002642
25003012
25004271
25005288
25004804
25001432
25004950
26528562
105203152
18834357
25001471
10500683
25001456
101718472
25005151
25003042
25002597
106926974
20702834
13917253
6538699
25001534
101402858
25001723
25003164
103711867
25001096
13917294
105332123
100701348
25002696
25002654
25004168
25001882
106616660
105060172
1179
25001385
105676742
18024
25003311
10257
25004722
3509378
25003435
25001172
25001257
101106534
474069
25003317
25004063
104153576
25001244
25003429
103679402
25004420
25002808
105265408
25004340
104698445
25004247
25001311
101257768
25002431
18867600
104417757
104396510
24917932
1909
18163949
25005246
25005560
19253330
20364509
106518846
25005853
105040749
25005477
25005056
25003462
25003801
25003553
25005602
103056742
106652646
11436663
25005259
373725
101505195
25003123
25001873
25005248
25005694
25005748
25793239
25002276
25003116
25004443
25003346
105598482
25002604
25004774
100265535
25002068
25001757
25002950
20176147
25003706
25001684
106910956
18168152
83629
25005449
25005277
25005615
106574544
100957949
102544105
25001903
104337503
23561936
105998346
25002919
25001682
25005035
25001448
25003441
101896289
100251553
101938809
25001750
25003751
106167157
105676764
25002347
18243218
4839790
25003079
192344
25003869
102722354
100461306
25001766
25002746
102490714
25001910
105988326
25003430
102743947
25002588
102606251
25002211
103703562
25004234
25001150
25003285
25004246
25002890
101835030
100749121
25001161
25003787
101302270
25003490
10503031
25005829
2981
106561050
105720621
102874067
25002796
25003771
25002225
25004480
8625755
25002278
19957870
25001736
104467010
101654427
102368362
24921721
25001578
25005164
20228023
25001557
25004314
18020348
101211576
25002844
25004230
104154103
102278760
25298588
25003967
25001833
25005366
25005268
14528255
25003130
25005140
13917303
25004703
101705542
13917268
105889715
25005153
104386756
25003638
21399277
25004217
9229247
100701509
105761163
25399626
25005267
11406315
25003727
25002586
25004612
13917233
25001622
25003780
102185549
25005126
18237260
107048847
25002649
105621677
25001100
25004890
25002490
25005515
25001515
25001256
25003692
101115563
25005096
25003713
106472685
25002305
25004637
25002659
4803770
25002633
25004151
25003904
19420670
101557783
103471521
25002644
106929529
25001086
25005362
102527896
9671660
662299
25002641
25002784
13917232
106667966
25001175
105249966
25003217
18054882
25002346
105621631
103152980
14876081
25002013
25038100
25002729
25001278
25005325
25004203
102462398
25001334
25005689
25003232
25002021
25004156
25003291
104301151
25001583
101972024
105040181
25001690
19956530
106660085
19264060
25001352
25005736
17352237
25003580
100818714
103174891
25399635
6547
25003205
25004653
25005646
25003841
25001520
100766754
25003531
25003661
9312559
25004825
19210158
25005310
25004922
590330
25002345
25002047
18625987
25777893
106862907
25004231
25005180
104292638
13917299
24515558
104920091
25002184
6628471
105975511
106488125
25001743
6751231
25001458
25001204
25004172
25003529
25003544
25005785
25001260
25005664
103342680
100386093
25005744
104892668
443347
20230624
106301294
25003426
25004817
25002053
106055692
100120763
101605501
25002256
102204640
18677287
6538081
25002445
18776960
25002900
18928472
103568798
25002136
25004625
100981748
25003212
25002809
4830
25004491
25004444
25003988
25004038
100274125
14874018
102196569
25003186
25003629
104555671
102563163
25005596
18799317
25001255
107048848
103047049
25003928
25001600
25003315
1281393
25001395
25001547
8078474
25004476
101346633
25005507
25003767
6758034
25002230
103625130
25002365
7233914
25003627
100959651
102448888
25005254
103765814
103084974
25005765
25005652
25980439
100668934
106524259
6574519
19207485
5879619
25002237
25003802
9666261
4925
25001373
3557
25005816
25004232
25001117
19251624
660296
25005396
25001327
13917305
11517088
25004091
104835146
101514243
25004427
25003052
6351
20173604
19046361
25003578
102008402
2542640
25004947
25005761
25005029
100930016
18237201
17325881
5948977
25004611
25001661
25003594
100160997
5931927
25003179
104274937
15289
25003478
25004762
101918984
105326077
25003659
25005782
20710755
25001280
25004505
25003414
7099
13917292
105405506
25001938
25002156
20082182
104947505
18871762
100440814
25004332
25001427
25005506
25004857
19885618
25003549
25003228
25003296
25003125
25005501
409897
102455761
25003854
25004885
105911032
25003511
25003861
25001924
18809244
103964369
25003380
25004180
25005281
25297025
25003741
25003960
105460132
18799345
20645954
9051016
25002334
25002046
25489077
103202904
25005101
25004897
25003784
25003337
102903765
25001078
25005778
104958287
102398488
25002963
20647367
25004643
25005302
25003175
25003247
104632751
102039037
25399606
25004312
25003449
25001263
25001240
8197693
101707736
25004510
105622053
25004237
25002700
25003230
6101661
65054
25001553
101012670
25002861
25002879
17356767
25003545
25004264
7027363
103815344
25001361
25002983
25002572
25001495
107120528
25313897
25002268
100478723
508399
25001695
5519320
25003169
25002034
25004486
25003753
25001378
25003193
25001621
25001531
6593366
105039765
102823378
19261882
25003927
25003411
25001978
4839543
25001165
25004622
100631709
25003386
100638973
106853139
25001421
13917293
25005410
25002484
25001568
104687973
25003011
106623890
25002018
24123171
25003637
25002575
25003568
26243561
25005270
25001197
25005636
103435766
103263828
25005533
25005392
100182586
105621584
25005605
25004803
25003409
8085502
102767169
101076144
25002210
25003299
105838069
25003946
528068
25002455
7096
25003233
25001991
8035834
25002438
25001948
25003740
6891
102180841
106029725
25002119
479
25004644
25002138
25001145
25004202
25002555
25002918
25003793
25003496
25003684
11437949
25001812
850678
25004832
25001116
25002737
25003561
25005365
25005534
8050868
25003893
25002079
25002257
25003534
553281
25004767
25003392
25002885
3372181
25001956
25005737
25004437
20361073
5044111
103817458
21395320
105368379
25005285
25004707
3077
25002061
103588550
25002221
18642046
103597339
18168324
100116900
25001635
25001677
25005308
9461859
25004413
100216149
25005749
4934019
25001208
105252477
18867237
25001804
5881342
18779458
25001565
25001130
101503868
25005269
105567463
25003586
25001441
25002488
25001164
102196863
25003260
104580765
25005200
25004452
25005685
107114507
25001090
25005348
25002300
103438940
568482
18623117
24127255
13917220
25003669
25001353
25003365
102796907
25004446
106497135
25004407
25002368
25002113
25001963
25004799
13917224
3312
25005289
101506588
590270
100865424
25001977
25001987
25002236
25005708
101377950
105425881
25003592
17298792
100495490
25004791
25002766
25004009
25002374
25001602
25001222
25003246
25005360
25001709
25002928
25005395
25005623
103601816
5025782
25002902
25002159
25005024
25004331
25001589
25005775
105898117
25001297
101433838
25001133
25001861
25003171
104467656
25003363
5045236
25002094
25001912
100701074
25001481
25003931
105630309
25003626
25004951
25002662
25003525
25005331
4582
25002410
106648755
19
103321950
25005674
105970951
25001914
101076549
25002081
103578129
104992857
25003768
19884778
9632361
11501836
25005333
25002901
25001915
104749326
100480112
25001658
9321497
25004920
25005049
101338669
25002400
25004222
101089410
25001259
25003996
2638
25004858
107014548
22926
25002404
25001642
25001399
7224005
25001791
103470280
25005284
25004991
2888393
25004675
21926
25004532
102925572
6644083
103448329
106353131
7421
25002059
25005432
8044965
102617757
25002551
100843352
6648082
6497455
25004773
25002413
23557899
25002761
5563
25002272
107133010
3162
25004236
25005839
6614621
25004487
25002622
25004244
104856261
25004662
25001730
25004614
25003210
19041032
25002014
25001224
102357793
6752422
25004894
25003901
25001492
6348
25002990
100746604
101545450
18498654
25003272
25001322
101709472
25003814
100414819
25005181
106519177
25002403
25005758
105531871
103030515
7837955
25004057
25001099
25004142
100740416
25560319
26279477
11651
104592959
25004339
106117102
25001676
103817900
25005442
25004076
25005738
13917287
101479372
25005688
106091917
25003450
25399604
106045351
103803549
25001655
18781697
25003613
25005361
25004218
25003043
25004233
25003924
14540321
101395222
103107120
25003834
13917314
8622569
25004347
25002856
25001809
25005754
25001124
104146414
104390439
25001886
105029780
25005850
25004227
25003675
25005219
25001386
19411245
100199288
25783411
101758752
25417778
104745545
18084012
25001753
106138692
25002912
105189065
25003866
25001474
25004581
25003127
103288275
100878207
25002487
25001250
25004210
105646034
25003269
25001271
102016737
25003757
104122283
25004445
104285252
336147
25005574
105359287
18025417
25005091
25001875
25001721
100137035
106931204
25002245
25001571
25003427
105091187
3553
104934828
106311640
25003797
13401093
104068954
25005114
25002129
25001368
106740853
18443565
8600
25002170
102574004
104536660
25005118
25001995
106841481
19231634
105682901
25003014
25004755
25005167
25004918
25002189
25001228
102054530
25005496
25005831
104270519
25001577
3459
14897363
23374936
103922962
7225
103032690
100274005
25399631
25004659
25003437
25005339
25005202
584425
25002705
25002880
101833934
25002698
6619030
5699110
25004098
881789
25003091
102524746
25003322
42362
101096129
100945891
100493828
25001293
25003985
25777555
102594319
18250190
25001758
4088
25003329
101284907
25001872
25002823
14904835
25004153
23765
105519285
25001157
25003477
25001354
25002763
25003117
25001234
100337216
25004395
100037760
25005294
6643808
24095113
13400636
7224723
25001537
12389
25001264
103232363
25002719
25004472
27416
25002150
25001700
25002625
25005466
25004544
100225907
18743360
25975769
25003495
25002569
20089588
25005087
19895858
25003857
25005214
25001409
25003603
25004287
25001939
25001190
25004060
101517777
7026202
101479259
25004433
103697840
8508884
227288
25002895
18097186
100119850
25005585
105668418
25001920
25002253
25001211
105662948
105182855
17891542
3479
11330
25003241
153
6494967
25003324
93986
25003803
851713
2828033
25004913
25002966
25002830
25003453
103985958
20375400
100241282
106116915
25005705
102678608
418468
20860
25004632
105449579
25004613
25003745
105812776
25001270
105683848
6934
105994429
25989708
4360
25004223
25004208
104537232
106712387
105689800
25005072
25003439
106757581
25001347
25004262
106991366
105492227
103920770
641
1437
25001465
25004771
25001699
9669036
5045903
25004364
25004317
590074
25005637
105148967
25003670
102773631
100336551
20276
13917285
20186811
101843340
102609764
25005711
25003431
25003577
25001894
25005777
596
18737094
25001177
25001490
100562467
106762025
6576387
107014434
25004357
25005027
7018
25004295
25002161
25399622
26280068
25005347
25002180
18816908
25005530
6280
25002620
25005467
24131531
105243
25005721
10060
25005828
25004507
25002402
19326374
25005622
25005713
25003686
100036058
25002303
103361095
25001426
25002188
100868308
101036459
101132066
101420969
18484983
19278938
13917242
8101411
25002125
106604461
25003367
55847
107121367
18763740
102605587
101923728
25003323
25002985
25005879
104616899
102453655
25001518
25002571
106790901
25001530
2165
25004915
25002408
25005858
18474533
25002151
25002124
23618205
8855683
25003583
25002828
25004672
25002549
25003099
102234902
25002436
25003408
107144939
102186159
103554754
25003303
25005752
25005279
25005495
25004569
25003798
10030817
3861771
25399605
100582044
102313038
25005795
104899303
25001405
25004304
18167005
101209527
25004712
25004936
25003388
25001454
25004851
25002486
25001473
101048024
25004731
25003318
100736431
25001288
6750028
25002270
105547532
25003689
25001783
25003249
25001118
25005282
25005824
25005076
25002822
13401729
8444130
18784538
19953580
6530655
23469442
25975870
13917273
25005566
20217636
25004469
25004177
9807789
1576
19461537
100558155
25002980
25005445
5054
25002057
25005716
25002744
105817115
25004871
25001138
25005036
25001171
25004893
25001519
100371783
25002381
101128886
25001285
25005845
25001422
104982635
25003812
25003733
105818870
104119292
25004399
103568797
26803303
1636
25002266
559080
25002788
9631770
25002340
102515694
105055780
104472123
26841230
25001737
25003596
25003725
25004144
3122
107073455
25004389
25002376
100011713
25004049
25003868
103972506
25004161
105519904
4559533
9415
25005859
25001098
25001227
25004423
25002820
11532614
20928
25001522
6032501
9826835
18623118
25004554
25002263
25001850
2543059
25002923
25003581
25002695
25002566
6592136
101982738
100166076
25004657
7538
25004303
25004163
25001789
13917277
25001345
25005618
25003236
102829720
103597253
25004322
25002836
25003891
8622997
25005368
25005179
7485090
105025812
102684969
100809749
25004428
25002442
25005364
51164
3640748
102243026
20823922
103799685
20177232
7218870
25001837
9937730
103637972
25003853
25002554
25004600
25003373
7222701
25001160
106055685
104754537
106774739
25002288
25002076
19200797
102682663
100660003
25841694
25003443
25003856
104973641
25004054
9472344
25005769
18605695
102936267
100167838
20805088
19947798
10008
25003587
105287969
103563056
102861370
25004842
819392
25001275
18473408
25003098
25001434
105408665
25005173
25001221
25001511
25004887
7415
25003405
18171268
25001291
102447829
25001135
20660085
25001630
25002574
25005328
25004631
25004907
25005379
25005037
246097
25002227
105909989
100663378
25005890
25004904
25002958
25001268
105336879
106440194
25004531
21405
25005075
11506099
25005592
21399279
103326655
101074198
25001904
18609688
6996965
20808446
25004636
25002680
25002067
100014119
100673006
25001940
25001844
8295931
9627475
25001640
25001574
25004325
25002564
25003156
19167012
104838544
25005697
25001538
25001806
25004001
25003665
18881762
103057487
104074938
105208218
26812777
25003428
25004044
25005625
25003894
25002840
25001862
25004656
25004811
105451147
25003849
9649177
25001576
10673
25003744
25005849
3412765
25002512
100125659
25002082
25001696
5882724
25004283
25004742
105144825
103483407
25003295
25001892
25003242
5997412
5450781
24131529
25001637
25002207
107086731
104409589
104319647
105149869
25004536
6569864
25005191
25005470
105002725
105591362
102623173
6070190
25003900
24410336
25005667
