56637
246778
4524
24225
544439
6356
16177
1499
51738
6401
6403
3934
551
50506
6648
16175
2952
54768
728
3339
3557
544416
5284
4088
1137
57484
24323
1545
5624
8862
3066
59109
6373
18669
406976
11847
3115
136
94103
2006
56718
19878
15251
6095
544420
64478
123688
140809
256076
4586
4842
25664
11318
5155
20852
7448
28240
7099
1080
4153
51074
4878
3586
5144
1432
26279
6955
3603
544435
544424
653509
12
4513
183
3559
90381
406995
3479
5806
94025
967
2833
942
578
79890
57161
10344
6772
544430
2581
24451
83619
2294
3779
16173
92747
7078
283761
1728
4914
112744
641
7022
7422
387143
6692
2947
977
2138
22287
1910
19204
3091
116510
213
820
544432
5265
301289
3265
12122
56606
79026
3123
4170
1026
5266
80195
596
3119
81687
50943
2052
9547
317468
729230
544436
1179
4982
720
182
18024
719
55784
6280
544437
5270
59086
11846
929
2896
317382
645949
4314
7157
177
56729
544443
50863
3565
17395
1147
4056
20393
3605
80332
302668
25589
920
16193
6441
1909
15377
544419
27087
949
26580
27159
3791
544315
10631
4908
4321
4846
7076
1143
3039
4363
6696
4323
154
544428
4843
6037
1235
5685
1493
1234
54210
282973
5027
727897
959
6369
5243
12740
6439
4968
544417
3171
544445
2530
2309
9446
5594
9914
1544
3929
8714
544418
3953
66005
3458
6649
9122
55750
9863
57817
200373
3552
5329
7515
7097
2252
646576
17229
9173
2908
4282
387222
6352
7042
3606
1672
203286
4318
4780
5595
1116
3569
1118
3658
81686
1906
17250
25608
16993
8425
79068
260431
2160
80150
1237
10487
12638
3371
2244
4316
54535
1401
1636
3043
84386
13653
2993
2
24835
83540
70008
3303
161
6927
544448
598
11540
338811
544431
303496
7414
5141
958
544442
7139
192345
11545
7100
53905
2638
22926
4879
309165
26945
2056
388815
3558
23254
21926
406991
1559
796
306330
544422
6532
9370
15368
100314000
3162
2147
5468
56373
544427
3356
362
2944
22933
1843
3596
170680
544447
7356
8856
4048
310738
1956
544426
403566
1159
7432
3576
7132
2938
544421
3329
132320
7124
17295
24494
3084
406977
3579
1136
11651
10
2152
5950
5781
3107
1992
348
1138
5743
3383
18127
4803
627
239273
3082
581
367
7137
1285
7040
26298
12162
10663
77125
283229
641311
85480
857
3952
170679
29357
64399
7518
59
1548
6347
544316
6590
64157
85471
3577
544433
4625
406936
6556
24599
29560
22914
3553
2290
544444
1572
59341
2255
4978
544438
13717
544429
7517
24180
3593
407043
2950
644
16653
5728
90865
10144
1543
30836
3875
6517
4312
4023
7225
7476
7450
406893
3566
192668
311
384
383
133
1767
